Code	MIN	MAX	ROL	ROQ	
MTAUT0001557	0	0	0	0	0
MTAUT0001558	0	0	0	0	0
MTAUT0001559	0	0	0	0	0
MTAUT0001560	0	0	0	0	0
MTAUT0001561	0	0	0	0	0
MTAUT0001562	0	0	0	0	0
MTAUT0001563	0	0	0	0	0
MTAUT0001581	0	0	0	0	0
MTAUT0001583	0	0	0	0	0
MTAUT0001596	0	0	0	0	0
MTAUT0001598	0	0	0	0	0
MTAUT0001604	0	0	0	0	0
MTAUT0001605	0	0	0	0	0
MTAUT0001606	0	0	0	0	0
MTAUT0001607	0	0	0	0	0
MTAUT0001608	0	0	0	0	0
MTAUT0001615	0	0	0	0	0
MTAUT0001616	0	0	0	0	0
MTAUT0001617	0	0	0	0	0
MTAUT0001618	0	0	0	0	0
MTAUT0001621	0	0	0	0	0
MTAUT0001622	0	0	0	0	0
MTAUT0001624	0	0	0	0	0
MTAUT0001625	0	0	0	0	0
MTAUT0001626	0	0	0	0	0
MTAUT0001627	0	0	0	0	0
MTAUT0001634	0	0	0	0	0
MTAUT0001642	0	0	0	0	0
MTAUT0001643	0	0	0	0	0
MTAUT0001661	0	0	0	0	0
MTAUT0001662	0	0	0	0	0
MTAUT0001663	0	0	0	0	0
MTAUT0001664	0	0	0	0	0
MTAUT0001665	0	0	0	0	0
MTAUT0001666	0	0	0	0	0
MTAUT0001667	0	0	0	0	0
MTAUT0001682	0	0	0	0	0
MTAUT0001686	0	0	0	0	0
MTAUT0001687	0	0	0	0	0
MTAUT0001688	0	0	0	0	0
MTAUT0001689	0	0	0	0	0
MTAUT0001850	0	0	0	0	0
MTAUT0001852	0	0	0	0	0
MTAUT0001853	0	0	0	0	0
MTAUT0001854	0	0	0	0	0
MTAUT0001855	1	5	2	2	1
MTAUT0001856	2	8	3	6	1
MTAUT0001857	2	4	3	5	1
MTAUT0001858	0	0	0	0	0
MTAUT0001859	0	0	0	0	0
MTAUT0001860	2	4	3	5	1
MTAUT0001861	2	4	3	5	1
MTAUT0001862	0	0	0	0	0
MTAUT0001863	0	0	0	0	0
MTAUT0001864	10	30	10	30	1
MTAUT0001865	0	0	0	0	0
MTAUT0001866	2	4	2	3	1
MTAUT0001867	0	0	0	0	0
MTAUT0001868	1	2	1	2	1
MTAUT0001869	0	0	0	0	0
MTAUT0001872	4	10	5	5	1
MTAUT0001873	4	10	5	5	1
MTAUT0001874	5	20	5	15	1
MTAUT0001910	0	0	0	0	0
MTAUT0001911	0	0	0	0	0
MTAUT0001912	0	0	0	0	0
MTAUT0001913	0	0	0	0	0
MTAUT0001914	0	0	0	0	0
MTAUT0001915	0	0	0	0	0
MTAUT0001917	0	0	0	0	0
MTAUT0001922	0	0	0	0	0
MTAUT0001923	0	0	0	0	0
MTAUT0001924	0	0	0	0	0
MTAUT0001925	0	0	0	0	0
MTAUT0001926	0	0	0	0	0
MTAUT0001927	0	0	0	0	0
MTAUT0001928	0	0	0	0	0
MTAUT0001929	0	0	0	0	0
MTAUT0001933	0	0	0	0	0
MTAUT0001935	0	0	0	0	0
MTAUT0001936	0	0	0	0	0
MTAUT0001940	0	0	0	0	0
MTAUT0001941	0	0	0	0	0
MTAUT0001945	0	0	0	0	0
MTAUT0001952	0	0	0	0	0
MTAUT0001953	0	0	0	0	0
MTAUT0001954	0	0	0	0	0
MTAUT0001958	0	0	0	0	0
MTAUT0001959	0	0	0	0	0
MTAUT0001960	0	0	0	0	0
MTAUT0001961	0	0	0	0	0
MTAUT0001963	0	0	0	0	0
MTAUT0001964	3	8	3	5	1
MTAUT0001965	0	0	0	0	0
MTAUT0001966	0	0	0	0	0
MTAUT0001967	0	0	0	0	0
MTAUT0001968	0	0	0	0	0
MTAUT0001969	0	0	0	0	0
MTAUT0001970	0	0	0	0	0
MTAUT0001971	0	0	0	0	0
MTAUT0001972	0	0	0	0	0
MTAUT0001973	0	0	0	0	0
MTAUT0001974	0	0	0	0	0
MTAUT0001975	0	0	0	0	0
MTAUT0002020	0	0	0	0	0
MTAUT0002032	0	0	0	0	0
MTAUT0002033	0	0	0	0	0
MTAUT0002034	0	0	0	0	0
MTAUT0002035	0	0	0	0	0
MTAUT0002036	0	0	0	0	0
MTAUT0002037	0	0	0	0	0
MTAUT0002039	0	0	0	0	0
MTAUT0002041	0	0	0	0	0
MTAUT0002042	0	0	0	0	0
MTAUT0002043	0	0	0	0	0
MTAUT0002056	0	0	0	0	0
MTAUT0002057	0	0	0	0	0
MTAUT0002058	0	0	0	0	0
MTAUT0002059	0	0	0	0	0
MTAUT0002064	0	0	0	0	0
MTAUT0002065	0	0	0	0	0
MTAUT0002068	2	6	3	6	1
MTAUT0002069	2	6	3	6	1
MTAUT0002070	2	4	3	5	1
MTAUT0002071	2	4	3	5	1
MTAUT0002072	2	6	3	6	1
MTAUT0002073	2	6	3	6	1
MTAUT0002074	2	6	3	6	1
MTAUT0002075	5	30	10	20	1
MTAUT0002076	4	30	10	40	1
MTAUT0002077	1	3	1	4	1
MTAUT0002078	2	4	2	2	1
MTAUT0002079	1	2	1	2	1
MTAUT0002080	1	2	1	2	1
MTAUT0002081	1	2	1	2	1
MTAUT0002087	0	0	0	0	0
MTAUT0002090	0	0	0	0	0
MTAUT0002091	0	0	0	0	0
MTAUT0002092	0	0	0	0	0
MTAUT0002093	0	0	0	0	0
MTAUT0002094	0	0	0	0	0
MTAUT0002095	0	0	0	0	0
MTAUT0002105	0	0	0	0	0
MTAUT0002106	0	0	0	0	0
MTAUT0002107	0	0	0	0	0
MTAUT0002108	0	0	0	0	0
MTAUT0002112	0	0	0	0	0
MTAUT0002113	0	0	0	0	0
MTAUT0002114	0	0	0	0	0
MTAUT0002115	0	0	0	0	0
MTAUT0002116	0	0	0	0	0
MTAUT0002123	0	0	0	0	0
MTAUT0002124	0	0	0	0	0
MTAUT0002125	0	0	0	0	0
MTAUT0002126	0	0	0	0	0
MTAUT0002134	0	0	0	0	0
MTAUT0002135	0	0	0	0	0
MTAUT0002136	0	0	0	0	0
MTAUT0002137	0	0	0	0	0
MTAUT0002138	0	0	0	0	0
MTAUT0002139	0	0	0	0	0
MTAUT0002140	0	0	0	0	0
MTAUT0002141	0	0	0	0	0
MTAUT0002155	0	0	0	0	0
MTAUT0002156	0	0	0	0	0
MTAUT0002157	0	0	0	0	0
MTAUT0002158	0	0	0	0	0
MTAUT0002161	0	0	0	0	0
MTAUT0002162	0	0	0	0	0
MTAUT0002163	0	0	0	0	0
MTAUT0002164	0	0	0	0	0
MTAUT0002165	0	0	0	0	0
MTAUT0002166	0	0	0	0	0
MTAUT0002167	0	0	0	0	0
MTAUT0002168	0	0	0	0	0
MTAUT0002169	0	0	0	0	0
MTAUT0002176	0	0	0	0	0
MTAUT0002177	0	0	0	0	0
MTAUT0002180	0	0	0	0	0
MTAUT0002181	0	0	0	0	0
MTAUT0002182	0	0	0	0	0
MTAUT0002183	0	0	0	0	0
MTAUT0002184	0	0	0	0	0
MTAUT0002189	0	0	0	0	0
MTAUT0002190	0	0	0	0	0
MTAUT0002191	0	0	0	0	0
MTAUT0002192	0	0	0	0	0
MTAUT0002193	0	0	0	0	0
MTAUT0002194	0	0	0	0	0
MTAUT0002195	0	0	0	0	0
MTAUT0002197	0	0	0	0	0
MTAUT0002198	0	0	0	0	0
MTAUT0002226	0	0	0	0	0
MTAUT0002235	0	0	0	0	0
MTAUT0002236	0	0	0	0	0
MTAUT0002240	0	0	0	0	0
MTAUT0002241	0	0	0	0	0
MTAUT0002242	0	0	0	0	0
MTAUT0002243	0	0	0	0	0
MTAUT0002244	0	0	0	0	0
MTAUT0002262	0	0	0	0	0
MTAUT0002278	0	0	0	0	0
MTAUT0002279	0	0	0	0	0
MTAUT0002280	0	0	0	0	0
MTAUT0002281	0	0	0	0	0
MTAUT0002282	0	0	0	0	0
MTAUT0002283	0	0	0	0	0
MTAUT0002284	0	0	0	0	0
MTAUT0002290	0	0	0	0	0
MTAUT0002293	0	0	0	0	0
MTAUT0002294	0	0	0	0	0
MTAUT0002297	0	0	0	0	0
MTAUT0002298	0	0	0	0	0
MTAUT0002299	0	0	0	0	0
MTAUT0002300	0	0	0	0	0
MTAUT0002301	0	0	0	0	0
MTAUT0002302	0	0	0	0	0
MTAUT0002303	0	0	0	0	0
MTAUT0002304	0	0	0	0	0
MTAUT0002313	0	0	0	0	0
MTAUT0002314	0	0	0	0	0
MTAUT0002370	0	0	0	0	0
MTAUT0002371	0	0	0	0	0
MTAUT0002372	0	0	0	0	0
MTAUT0002373	0	0	0	0	0
MTAUT0002374	0	0	0	0	0
MTAUT0002375	0	0	0	0	0
MTAUT0002376	0	0	0	0	0
MTAUT0002377	0	0	0	0	0
MTAUT0002378	0	0	0	0	0
MTAUT0002379	0	0	0	0	0
MTAUT0002380	0	0	0	0	0
MTAUT0002416	0	0	0	0	0
MTAUT0002417	0	0	0	0	0
MTAUT0002423	0	0	0	0	0
MTAUT0002433	0	0	0	0	0
MTAUT0002434	0	0	0	0	0
MTAUT0002435	0	0	0	0	0
MTAUT0002436	0	0	0	0	0
MTAUT0002437	0	0	0	0	0
MTAUT0002438	0	0	0	0	0
MTAUT0002439	0	0	0	0	0
MTAUT0002440	0	0	0	0	0
MTAUT0002448	0	0	0	0	0
MTAUT0002449	0	0	0	0	0
MTAUT0002471	0	0	0	0	0
MTAUT0002473	0	0	0	0	0
MTAUT0002474	0	0	0	0	0
MTAUT0002475	0	0	0	0	0
MTAUT0002476	0	0	0	0	0
MTAUT0002477	0	0	0	0	0
MTAUT0002478	0	0	0	0	0
MTAUT0002479	0	0	0	0	0
MTAUT0002480	0	0	0	0	0
MTAUT0002481	0	0	0	0	0
MTAUT0002482	0	0	0	0	0
MTAUT0002483	0	0	0	0	0
MTAUT0002484	0	0	0	0	0
MTAUT0002485	0	0	0	0	0
MTAUT0002487	0	0	0	0	0
MTAUT0002488	0	0	0	0	0
MTAUT0002489	0	0	0	0	0
MTAUT0002490	0	0	0	0	0
MTAUT0002494	0	0	0	0	0
MTAUT0002495	0	0	0	0	0
MTAUT0002496	0	0	0	0	0
MTAUT0002497	0	0	0	0	0
MTAUT0002498	0	0	0	0	0
MTAUT0002499	0	0	0	0	0
MTAUT0002500	0	0	0	0	0
MTAUT0002501	0	0	0	0	0
MTAUT0002502	0	0	0	0	0
MTAUT0002503	0	0	0	0	0
MTAUT0002504	0	0	0	0	0
MTAUT0002505	0	0	0	0	0
MTAUT0002506	0	0	0	0	0
MTAUT0002507	0	0	0	0	0
MTAUT0002508	0	0	0	0	0
MTAUT0002509	0	0	0	0	0
MTAUT0002510	0	0	0	0	0
MTAUT0002511	0	0	0	0	0
MTAUT0002512	0	0	0	0	0
MTAUT0002513	0	0	0	0	0
MTAUT0002514	0	0	0	0	0
MTAUT0002515	0	0	0	0	0
MTAUT0002516	0	0	0	0	0
MTAUT0002517	0	0	0	0	0
MTAUT0002518	0	0	0	0	0
MTAUT0002519	0	0	0	0	0
MTAUT0002520	0	0	0	0	0
MTAUT0002521	0	0	0	0	0
MTAUT0002522	0	0	0	0	0
MTAUT0002523	0	0	0	0	0
MTAUT0002524	0	0	0	0	0
MTAUT0002525	0	0	0	0	0
MTAUT0002526	0	0	0	0	0
MTAUT0002527	0	0	0	0	0
MTAUT0002528	0	0	0	0	0
MTAUT0002529	0	0	0	0	0
MTAUT0002530	0	0	0	0	0
MTAUT0002531	0	0	0	0	0
MTAUT0002532	0	0	0	0	0
MTAUT0002534	0	0	0	0	0
MTAUT0002536	0	0	0	0	0
MTAUT0002557	0	0	0	0	0
MTAUT0002558	0	0	0	0	0
MTAUT0002561	0	0	0	0	0
MTAUT0002562	0	0	0	0	0
MTAUT0002563	0	0	0	0	0
MTAUT0002564	0	0	0	0	0
MTAUT0002565	0	0	0	0	0
MTAUT0002566	0	0	0	0	0
MTAUT0002567	0	0	0	0	0
MTAUT0002571	0	0	0	0	0
MTAUT0002576	0	0	0	0	0
MTAUT0002577	0	0	0	0	0
MTAUT0002578	0	0	0	0	0
MTAUT0002587	0	0	0	0	0
MTAUT0002588	0	0	0	0	0
MTAUT0002589	0	0	0	0	0
MTAUT0002590	0	0	0	0	0
MTAUT0002591	0	0	0	0	0
MTAUT0002592	0	0	0	0	0
MTAUT0002607	0	0	0	0	0
MTAUT0002608	0	0	0	0	0
MTAUT0002609	0	0	0	0	0
MTAUT0002610	0	0	0	0	0
MTAUT0002611	0	0	0	0	0
MTAUT0002612	0	0	0	0	0
MTAUT0002613	0	0	0	0	0
MTAUT0002614	0	0	0	0	0
MTAUT0002615	0	0	0	0	0
MTAUT0002625	0	0	0	0	0
MTAUT0002626	0	0	0	0	0
MTAUT0002627	0	0	0	0	0
MTAUT0002628	0	0	0	0	0
MTAUT0002629	0	0	0	0	0
MTAUT0002630	0	0	0	0	0
MTAUT0002631	0	0	0	0	0
MTAUT0002632	0	0	0	0	0
MTAUT0002633	0	0	0	0	0
MTAUT0002634	0	0	0	0	0
MTAUT0002636	0	0	0	0	0
MTAUT0002647	0	0	0	0	0
MTAUT0002654	0	0	0	0	0
MTAUT0002655	0	0	0	0	0
MTAUT0002656	0	0	0	0	0
MTAUT0002657	0	0	0	0	0
MTAUT0002661	0	0	0	0	0
MTAUT0002662	0	0	0	0	0
MTAUT0002663	0	0	0	0	0
MTAUT0002678	0	0	0	0	0
MTAUT0002679	0	0	0	0	0
MTAUT0002680	0	0	0	0	0
MTAUT0002681	0	0	0	0	0
MTAUT0002682	0	0	0	0	0
MTAUT0002683	0	0	0	0	0
MTAUT0002684	0	0	0	0	0
MTAUT0002685	0	0	0	0	0
MTAUT0002699	0	0	0	0	0
MTAUT0002712	0	0	0	0	0
MTAUT0002713	0	0	0	0	0
MTAUT0002714	0	0	0	0	0
MTAUT0002715	0	0	0	0	0
MTAUT0002763	0	0	0	0	0
MTAUT0002768	0	0	0	0	0
MTELC0000001	5	10	6	4	1
MTELC0000002	5	10	6	4	1
MTELC0000003	1	2	1	1	1
MTELC0000004	5	10	6	4	1
MTELC0000005	5	10	6	4	1
MTELC0000006	10	15	11	4	1
MTELC0000007	5	10	6	4	1
MTELC0000008	0	0	0	0	0
MTELC0000009	5	10	6	4	1
MTELC0000010	0	0	0	0	0
MTELC0000011	0	0	0	0	0
MTELC0000012	1	2	1	1	1
MTELC0000013	0	0	0	0	0
MTELC0000014	10	15	11	4	1
MTELC0000015	10	15	11	4	1
MTELC0000016	10	15	11	4	1
MTELC0000017	0	0	0	0	0
MTELC0000018	2	4	3	1	1
MTELC0000019	0	0	0	0	0
MTELC0000020	10	15	11	4	1
MTELC0000021	10	15	11	4	1
MTELC0000022	0	0	0	0	0
MTELC0000023	5	10	6	4	1
MTELC0000024	0	0	0	0	0
MTELC0000025	0	0	0	0	0
MTELC0000026	20	30	11	19	1
MTELC0000027	20	30	11	19	1
MTELC0000028	1	2	1	1	1
MTELC0000029	1	2	1	1	1
MTELC0000030	5	10	6	4	1
MTELC0000031	5	10	6	4	1
MTELC0000032	0	0	0	0	0
MTELC0000033	10	15	11	4	1
MTELC0000034	0	0	0	0	0
MTELC0000035	0	0	0	0	0
MTELC0000036	1	2	1	1	1
MTELC0000037	1	2	1	1	1
MTELC0000038	1	2	1	1	1
MTELC0000039	1	2	1	1	1
MTELC0000040	5	10	6	4	1
MTELC0000041	5	10	6	4	1
MTELC0000042	6	10	6	5	1
MTELC0000043	6	10	6	5	1
MTELC0000044	1	2	1	1	1
MTELC0000045	1	1	0	1	1
MTELC0000046	1	1	0	1	1
MTELC0000047	1	1	0	1	1
MTELC0000048	1	1	0	1	1
MTELC0000049	1	2	1	1	1
MTELC0000050	5	10	6	4	1
MTELC0000051	0	0	0	0	0
MTELC0000052	0	0	0	0	0
MTELC0000053	0	0	0	0	0
MTELC0000054	2	3	3	0	1
MTELC0000055	0	0	0	0	0
MTELC0000056	1	2	1	1	1
MTELC0000057	0	0	0	0	0
MTELC0000058	20	30	25	5	1
MTELC0000059	10	15	11	4	1
MTELC0000060	5	10	6	5	1
MTELC0000061	5	10	6	5	1
MTELC0000062	0	0	0	0	0
MTELC0000063	5	10	6	5	1
MTELC0000064	5	10	6	5	1
MTELC0000065	5	10	6	5	1
MTELC0000066	0	0	0	0	0
MTELC0000067	0	0	0	0	0
MTELC0000068	0	0	0	0	0
MTELC0000069	10	20	10	10	1
MTELC0000070	0	0	0	0	0
MTELC0000071	0	0	0	0	0
MTELC0000072	0	0	0	0	0
MTELC0000073	5	10	6	4	1
MTELC0000074	5	10	6	4	1
MTELC0000075	5	10	6	4	1
MTELC0000076	0	0	0	0	0
MTELC0000077	0	0	0	0	0
MTELC0000078	0	0	0	0	0
MTELC0000079	2	4	3	1	1
MTELC0000080	0	0	0	0	0
MTELC0000081	0	0	0	0	0
MTELC0000082	0	0	0	0	0
MTELC0000083	0	0	0	0	0
MTELC0000084	0	0	0	0	0
MTELC0000085	0	0	0	0	0
MTELC0000086	0	0	0	0	0
MTELC0000087	0	0	0	0	0
MTELC0000088	0	0	0	0	0
MTELC0000089	0	0	0	0	0
MTELC0000090	3	5	4	1	1
MTELC0000091	3	5	4	1	1
MTELC0000092	0	0	0	0	0
MTELC0000093	5	8	6	2	1
MTELC0000094	5	8	6	2	1
MTELC0000095	5	8	6	2	1
MTELC0000096	5	8	6	2	1
MTELC0000097	5	10	6	4	1
MTELC0000098	5	10	6	4	1
MTELC0000099	0	0	0	0	0
MTELC0000100	5	10	6	4	1
MTELC0000101	0	0	0	0	0
MTELC0000102	5	10	6	4	1
MTELC0000103	0	0	0	0	0
MTELC0000104	5	10	6	4	1
MTELC0000105	0	0	0	0	0
MTELC0000106	5	10	6	4	1
MTELC0000107	0	0	0	0	0
MTELC0000108	0	0	0	0	0
MTELC0000109	2	4	3	1	1
MTELC0000110	2	4	3	1	1
MTELC0000111	10	15	11	4	1
MTELC0000112	5	10	6	4	1
MTELC0000113	5	10	6	4	1
MTELC0000114	0	0	0	0	0
MTELC0000115	5	8	6	2	1
MTELC0000116	0	0	0	0	0
MTELC0000117	0	0	0	0	0
MTELC0000118	0	0	0	0	0
MTELC0000119	0	0	0	0	0
MTELC0000120	0	0	0	0	0
MTELC0000121	100	300	55	250	1
MTELC0000122	10	15	11	4	1
MTELC0000123	10	15	11	4	1
MTELC0000124	2	4	3	1	1
MTELC0000125	2	4	3	1	1
MTELC0000126	1	1	0	1	1
MTELC0000127	1	1	0	1	1
MTELC0000128	1	1	0	1	1
MTELC0000129	1	1	0	1	1
MTELC0000130	1	1	0	1	1
MTELC0000131	1	1	0	1	1
MTELC0000132	10	20	15	5	1
MTELC0000133	10	20	15	5	1
MTELC0000134	8	15	9	6	1
MTELC0000135	0	0	0	0	0
MTELC0000136	8	15	9	6	1
MTELC0000137	10	20	12	8	1
MTELC0000138	0	0	0	0	0
MTELC0000139	0	0	0	0	0
MTELC0000140	8	20	12	8	1
MTELC0000141	5	10	6	4	1
MTELC0000142	8	20	9	11	1
MTELC0000143	1	1	1	0	1
MTELC0000144	0	0	0	0	0
MTELC0000145	0	0	0	0	0
MTELC0000146	0	0	0	0	0
MTELC0000147	0	0	0	0	0
MTELC0000148	0	0	0	0	0
MTELC0000149	0	0	0	0	0
MTELC0000150	3	5	4	1	1
MTELC0000151	3	5	4	1	1
MTELC0000152	8	15	9	6	1
MTELC0000153	5	10	6	4	1
MTELC0000154	8	10	9	1	1
MTELC0000155	5	10	6	4	1
MTELC0000156	3	5	4	1	1
MTELC0000157	0	0	0	0	0
MTELC0000158	5	10	6	4	1
MTELC0000159	0	0	0	0	0
MTELC0000160	5	10	6	4	1
MTELC0000161	8	15	9	6	1
MTELC0000162	4	10	6	4	1
MTELC0000163	4	10	6	4	1
MTELC0000164	4	10	5	5	1
MTELC0000165	4	10	5	5	1
MTELC0000166	5	10	6	4	1
MTELC0000167	0	0	0	0	0
MTELC0000168	0	0	0	0	0
MTELC0000169	0	0	0	0	0
MTELC0000170	0	0	0	0	0
MTELC0000171	0	0	0	0	0
MTELC0000172	0	0	0	0	0
MTELC0000173	0	0	0	0	0
MTELC0000174	0	0	0	0	0
MTELC0000175	0	0	0	0	0
MTELC0000176	0	0	0	0	0
MTELC0000177	0	0	0	0	0
MTELC0000178	0	0	0	0	0
MTELC0000179	0	0	0	0	0
MTELC0000180	0	0	0	0	0
MTELC0000181	1	2	1	1	1
MTELC0000182	0	0	0	0	0
MTELC0000183	0	0	0	0	0
MTELC0000184	0	0	0	0	0
MTELC0000185	3	5	4	1	1
MTELC0000186	0	0	0	0	0
MTELC0000187	0	0	0	0	0
MTELC0000188	1	2	1	1	1
MTELC0000189	5	10	6	4	1
MTELC0000190	5	10	6	4	1
MTELC0000191	5	10	6	4	1
MTELC0000192	2	3	2	1	1
MTELC0000193	1	2	1	1	1
MTELC0000194	2	4	3	1	1
MTELC0000195	2	4	3	1	1
MTELC0000196	2	4	3	1	1
MTELC0000197	2	4	3	1	1
MTELC0000198	0	0	0	0	0
MTELC0000199	50	100	60	40	1
MTELC0000200	2	5	3	2	1
MTELC0000201	2	5	3	2	1
MTELC0000202	0	0	0	0	0
MTELC0000203	0	0	0	0	0
MTELC0000204	0	0	0	0	0
MTELC0000205	0	0	0	0	0
MTELC0000206	0	0	0	0	0
MTELC0000207	0	0	0	0	0
MTELC0000208	0	0	0	0	0
MTELC0000209	0	0	0	0	0
MTELC0000210	0	0	0	0	0
MTELC0000211	0	0	0	0	0
MTELC0000212	0	0	0	0	0
MTELC0000213	0	0	0	0	0
MTELC0000214	5	10	6	4	1
MTELC0000215	0	0	0	0	0
MTELC0000216	0	0	0	0	0
MTELC0000217	50	100	60	40	1
MTELC0000218	50	100	60	40	1
MTELC0000219	50	100	60	40	1
MTELC0000220	50	100	60	40	1
MTELC0000221	50	100	60	40	1
MTELC0000222	0	0	0	0	0
MTELC0000223	50	100	60	40	1
MTELC0000224	50	100	60	40	1
MTELC0000225	50	100	60	40	1
MTELC0000226	50	100	60	40	1
MTELC0000227	25	50	30	20	1
MTELC0000228	10	20	11	9	1
MTELC0000229	10	20	11	9	1
MTELC0000230	10	20	11	9	1
MTELC0000231	10	20	11	9	1
MTELC0000232	10	20	11	9	1
MTELC0000233	10	20	11	9	1
MTELC0000234	10	20	11	9	1
MTELC0000235	10	20	11	9	1
MTELC0000236	10	20	11	9	1
MTELC0000237	10	20	11	9	1
MTELC0000238	10	20	11	9	1
MTELC0000239	10	20	11	9	1
MTELC0000240	10	20	11	9	1
MTELC0000241	10	20	11	9	1
MTELC0000242	10	20	11	9	1
MTELC0000243	10	20	11	9	1
MTELC0000244	10	20	11	9	1
MTELC0000245	10	20	11	9	1
MTELC0000246	10	20	11	9	1
MTELC0000247	10	20	11	9	1
MTELC0000248	10	20	11	9	1
MTELC0001461	5	10	6	4	1
MTELC0001462	20	50	25	25	1
MTELC0001463	5	10	6	4	1
MTELC0001464	0	0	0	0	0
MTELC0001465	10	15	11	4	1
MTELC0001466	10	15	11	4	1
MTELC0001467	10	15	11	4	1
MTELC0001468	1	2	1	1	1
MTELC0001469	3	5	3	2	1
MTELC0001470	1	2	1	1	1
MTELC0001471	1	2	1	1	1
MTELC0001472	2	5	1	4	1
MTELC0001473	2	5	1	4	1
MTELC0001474	50	100	55	50	1
MTELC0001475	5	10	6	4	1
MTELC0001476	5	10	6	4	1
MTELC0001477	2	4	3	1	1
MTELC0001478	10	20	11	9	1
MTELC0001479	2	4	3	1	1
MTELC0001480	0	0	0	0	0
MTELC0001481	0	0	0	0	0
MTELC0001482	1	1	1	0	1
MTELC0001483	1	2	1	1	1
MTELC0001484	1	1	1	0	1
MTELC0001485	1	2	1	1	1
MTELC0001486	1	2	1	1	1
MTELC0001487	1	2	1	1	1
MTELC0001488	5	10	6	5	1
MTELC0001489	5	10	6	5	1
MTELC0001490	5	10	6	5	1
MTELC0001491	5	10	6	5	1
MTELC0001492	5	10	6	5	1
MTELC0001493	1	2	1	1	1
MTELC0001494	0	0	0	0	0
MTELC0001495	1	2	1	1	1
MTELC0001496	3	6	4	2	1
MTELC0001497	3	6	4	2	1
MTELC0001498	5	10	6	4	1
MTELC0001499	5	10	6	4	1
MTELC0001500	0	0	0	0	0
MTELC0001501	3	5	4	1	1
MTELC0001502	0	0	0	0	0
MTELC0001503	0	0	0	0	0
MTELC0001504	0	0	0	0	0
MTELC0001505	0	0	0	0	0
MTELC0001506	5	10	6	4	1
MTELC0001507	5	10	6	4	1
MTELC0001508	0	0	0	0	0
MTELC0001509	0	0	0	0	0
MTELC0001510	0	0	0	0	0
MTELC0001511	0	0	0	0	0
MTELC0001512	0	0	0	0	0
MTELC0001513	2	4	3	1	1
MTELC0001514	2	4	3	1	1
MTELC0001515	2	4	3	1	1
MTELC0001516	2	4	3	1	1
MTELC0001517	0	0	0	0	0
MTELC0001518	0	0	0	0	0
MTELC0001519	0	0	0	0	0
MTELC0001520	1	2	1	1	1
MTELC0001521	10	15	11	4	1
MTELC0001522	2	3	2	1	1
MTELC0001523	3	6	4	2	1
MTELC0001524	3	6	4	2	1
MTELC0001525	0	0	0	0	0
MTELC0001526	3	5	4	1	1
MTELC0001527	5	10	6	4	1
MTELC0001528	0	0	0	0	0
MTELC0001529	0	0	0	0	0
MTELC0001530	0	0	0	0	0
MTELC0001531	0	0	0	0	0
MTELC0001532	0	0	0	0	0
MTELC0001533	0	0	0	0	0
MTELC0001534	0	0	0	0	0
MTELC0001535	0	0	0	0	0
MTELC0001536	0	0	0	0	0
MTELC0001537	0	0	0	0	0
MTELC0001538	0.5	1	0.6	0.4	1
MTELC0001539	0.5	1	0.6	0.4	1
MTELC0001540	0.5	1	0.6	0.4	1
MTELC0001541	15	25	16	9	1
MTELC0001542	15	25	16	9	1
MTELC0001543	15	25	16	9	1
MTELC0001544	15	25	16	9	1
MTELC0001545	15	25	16	9	1
MTELC0001546	15	25	16	9	1
MTELC0001547	15	25	16	9	1
MTELC0001551	15	25	16	9	1
MTELC0001552	3	5	4	1	1
MTELC0001562	0	1	0	1	1
MTELC0001594	0	0	0	0	0
MTELC0001597	0	0	0	0	0
MTELC0001609	0	0	0	0	0
MTELC0001612	3	5	4	1	1
MTELC0001632	0	0	0	0	0
MTELC0001646	5	10	6	4	1
MTELC0001647	5	10	6	4	1
MTELC0001648	3	5	4	1	1
MTELC0001651	0	0	0	0	0
MTELC0001652	0	0	0	0	0
MTELC0001653	5	10	6	4	1
MTELC0001654	5	10	6	4	1
MTELC0001655	0	0	0	0	0
MTELC0001671	2	5	3	2	1
MTELC0001672	0	0	0	0	0
MTELC0001673	0	0	0	0	0
MTELC0001675	0	0	0	0	0
MTELC0001676	0	0	0	0	0
MTELC0001683	0	0	0	0	0
MTELC0001684	0	0	0	0	0
MTELC0001685	0	0	0	0	0
MTELC0001802	0	0	0	0	0
MTELC0001909	0	0	0	0	0
MTELC0001920	0	0	0	0	0
MTELC0001921	0	0	0	0	0
MTELC0001942	0	0	0	0	0
MTELC0001943	0	0	0	0	0
MTELC0001944	0	0	0	0	0
MTELC0001987	0	0	0	0	0
MTELC0001988	0	0	0	0	0
MTELC0001989	0	0	0	0	0
MTELC0001990	0	0	0	0	0
MTELC0001991	0	0	0	0	0
MTELC0001999	0	0	0	0	0
MTELC0002000	1	2	1	1	1
MTELC0002001	1	2	1	1	1
MTELC0002002	1	2	1	1	1
MTELC0002003	1	2	1	1	1
MTELC0002004	2	4	2	2	1
MTELC0002005	5	10	6	4	1
MTELC0002006	0	0	0	0	0
MTELC0002007	0	0	0	0	0
MTELC0002008	3	6	4	2	1
MTELC0002009	3	6	4	2	1
MTELC0002010	0	0	0	0	0
MTELC0002011	0	0	0	0	0
MTELC0002012	0	0	0	0	0
MTELC0002013	0	0	0	0	0
MTELC0002014	0	0	0	0	0
MTELC0002015	0	0	0	0	0
MTELC0002016	1	2	1	1	1
MTELC0002017	2	5	3	2	1
MTELC0002018	0	0	0	0	0
MTELC0002019	0	0	0	0	0
MTELC0002023	0	0	0	0	0
MTELC0002026	0	0	0	0	0
MTELC0002027	0	0	0	0	0
MTELC0002028	0	0	0	0	0
MTELC0002049	0	0	0	0	0
MTELC0002050	0	0	0	0	0
MTELC0002051	0	0	0	0	0
MTELC0002052	0	0	0	0	0
MTELC0002053	0	0	0	0	0
MTELC0002054	0	0	0	0	0
MTELC0002100	0	0	0	0	0
MTELC0002110	0	0	0	0	0
MTELC0002111	0	0	0	0	0
MTELC0002117	0	0	0	0	0
MTELC0002118	0	0	0	0	0
MTELC0002119	0	0	0	0	0
MTELC0002129	0	0	0	0	0
MTELC0002130	0	0	0	0	0
MTELC0002132	0	0	0	0	0
MTELC0002133	0	0	0	0	0
MTELC0002178	0	0	0	0	0
MTELC0002200	0	0	0	0	0
MTELC0002201	0	0	0	0	0
MTELC0002202	0	0	0	0	0
MTELC0002225	0	0	0	0	0
MTELC0002229	0	0	0	0	0
MTELC00022292	0	0	0	0	0
MTELC0002230	0	0	0	0	0
MTELC0002238	0	0	0	0	0
MTELC0002260	0	0	0	0	0
MTELC0002268	0	0	0	0	0
MTELC0002270	0	0	0	0	0
MTELC0002275	0	0	0	0	0
MTELC0002276	0	0	0	0	0
MTELC0002277	0	0	0	0	0
MTELC0002285	0	0	0	0	0
MTELC0002286	0	0	0	0	0
MTELC0002287	0	0	0	0	0
MTELC0002288	0	0	0	0	0
MTELC0002289	0	0	0	0	0
MTELC0002354	0	0	0	0	0
MTELC0002355	0	0	0	0	0
MTELC0002426	0	0	0	0	0
MTELC0002427	0	0	0	0	0
MTELC0002432	0	0	0	0	0
MTELC0002573	0	0	0	0	0
MTELC0002624	0	0	0	0	0
MTELC0002635	0	0	0	0	0
MTELC0002650	0	0	0	0	0
MTELC0002651	0	0	0	0	0
MTELC0002652	0	0	0	0	0
MTELC0002653	0	0	0	0	0
MTELC0002690	0	0	0	0	0
MTELC0002766	0	0	0	0	0
MTFUL0001205	1500	6600	1500	6600	1
MTFUL0001206	20	140	40	100	1
MTFUL0001207	10	40	15	30	1
MTFUL0001208	60	200	80	200	1
MTFUL0001209	5	40	10	30	1
MTFUL0001210	10	40	15	30	1
MTFUL0001211	100	400	150	400	1
MTFUL0001212	0	0	0	0	0
MTFUL0001555	5	10	5	10	1
MTFUL0001556	10	40	15	30	1
MTFUL0002031	0	0	0	0	0
MTFUL0002060	0	0	0	0	0
MTFUL0002062	0	0	0	0	0
MTFUL0002120	0	0	0	0	0
MTFUL0002121	0	0	0	0	0
MTFUL0002352	0	0	0	0	0
MTFUL0002353	0	0	0	0	0
MTFUL0002377	0	0	0	0	0
MTFUL0002638	0	0	0	0	0
MTGEN0000249	0	0	0	0	0
MTGEN0000250	5	10	6	4	1
MTGEN0000251	5	10	6	4	1
MTGEN0000252	5	10	6	4	1
MTGEN0000253	5	10	6	4	1
MTGEN0000254	5	10	6	4	1
MTGEN0000255	0	0	0	0	0
MTGEN0000256	0	0	0	0	0
MTGEN0000257	0	0	0	0	0
MTGEN0000258	50	100	55	45	1
MTGEN0000259	50	100	55	45	1
MTGEN0000260	10	15	11	9	1
MTGEN0000261	10	15	11	9	1
MTGEN0000262	10	15	11	9	1
MTGEN0000263	10	15	11	9	1
MTGEN0000264	10	15	11	9	1
MTGEN0000265	10	15	11	9	1
MTGEN0000266	10	15	11	9	1
MTGEN0000267	0	0	0	0	0
MTGEN0000268	10	15	11	9	1
MTGEN0000269	5	10	6	4	1
MTGEN0000270	5	10	6	4	1
MTGEN0000271	10	15	11	9	1
MTGEN0000272	10	15	11	9	1
MTGEN0000273	0	0	0	0	0
MTGEN0000274	10	20	11	9	1
MTGEN0000275	10	20	11	9	1
MTGEN0000276	10	20	11	9	1
MTGEN0000277	10	20	11	9	1
MTGEN0000278	10	20	11	9	1
MTGEN0000279	10	20	11	9	1
MTGEN0000280	10	20	11	9	1
MTGEN0000281	5	10	6	4	1
MTGEN0000282	0	0	0	0	0
MTGEN0000283	0	0	0	0	0
MTGEN0000284	10	20	11	9	1
MTGEN0000285	10	15	11	9	1
MTGEN0000286	0	0	0	0	0
MTGEN0000287	0	0	0	0	0
MTGEN0000288	0	0	0	0	0
MTGEN0000289	15	20	16	14	1
MTGEN0000290	0	0	0	0	0
MTGEN0000291	0	0	0	0	0
MTGEN0000292	15	20	16	14	1
MTGEN0000293	5	10	6	4	1
MTGEN0000294	5	10	6	4	1
MTGEN0000295	5	10	6	4	1
MTGEN0000296	5	10	6	4	1
MTGEN0000297	2	4	3	1	1
MTGEN0000298	10	15	11	9	1
MTGEN0000299	10	15	11	9	1
MTGEN0000300	5	10	6	4	1
MTGEN0000301	4	8	5	3	1
MTGEN0000302	5	15	6	4	1
MTGEN0000303	10	15	11	9	1
MTGEN0000304	10	15	11	9	1
MTGEN0000305	10	15	11	9	1
MTGEN0000306	10	15	11	9	1
MTGEN0000307	10	15	11	9	1
MTGEN0000308	10	15	11	9	1
MTGEN0000309	10	15	11	9	1
MTGEN0000310	10	15	11	9	1
MTGEN0000311	0	0	0	0	0
MTGEN0000312	10	15	11	9	1
MTGEN0000313	10	15	11	9	1
MTGEN0000314	10	15	11	9	1
MTGEN0000315	10	15	11	9	1
MTGEN0000316	10	15	11	9	1
MTGEN0000317	10	15	11	9	1
MTGEN0000318	2	5	3	2	1
MTGEN0000319	2	5	3	2	1
MTGEN0000320	0	0	0	0	0
MTGEN0000321	10	15	11	9	1
MTGEN0000322	0	0	0	0	0
MTGEN0000323	0	0	0	0	0
MTGEN0000324	0	0	0	0	0
MTGEN0000325	8	15	9	6	1
MTGEN0000326	8	15	9	6	1
MTGEN0000327	6	12	7	5	1
MTGEN0000328	0	0	0	0	0
MTGEN0000329	0	0	0	0	0
MTGEN0000330	8	15	9	6	1
MTGEN0000331	8	15	9	6	1
MTGEN0000332	0	0	0	0	0
MTGEN0000333	10	15	11	9	1
MTGEN0000334	10	15	11	9	1
MTGEN0000335	8	15	9	6	1
MTGEN0000336	0	0	0	0	0
MTGEN0000337	0	0	0	0	0
MTGEN0000338	0	0	0	0	0
MTGEN0000339	0	0	0	0	0
MTGEN0000340	0	0	0	0	0
MTGEN0000341	0	0	0	0	0
MTGEN0000342	0	0	0	0	0
MTGEN0000343	8	20	9	11	1
MTGEN0000344	0	0	0	0	0
MTGEN0000345	5	10	6	4	1
MTGEN0000346	5	10	6	4	1
MTGEN0000347	5	10	6	4	1
MTGEN0000348	5	10	6	4	1
MTGEN0000349	5	10	6	4	1
MTGEN0000350	5	10	6	4	1
MTGEN0000351	5	10	6	4	1
MTGEN0000352	5	10	6	4	1
MTGEN0000353	0	0	0	0	0
MTGEN0000354	50	100	55	45	1
MTGEN0000355	0	0	0	0	0
MTGEN0000356	20	40	21	19	1
MTGEN0000357	20	40	21	19	1
MTGEN0000358	10	20	11	9	1
MTGEN0000359	0	0	0	0	0
MTGEN0000360	10	15	11	4	1
MTGEN0000361	10	20	11	9	1
MTGEN0000362	0	0	0	0	0
MTGEN0000363	10	25	11	14	1
MTGEN0000364	10	20	11	9	1
MTGEN0000365	0	0	0	0	0
MTGEN0000366	0	0	0	0	0
MTGEN0000367	0	0	0	0	0
MTGEN0000368	2	6	3	3	1
MTGEN0000369	2	6	3	3	1
MTGEN0000370	0	0	0	0	0
MTGEN0000371	2	10	3	7	1
MTGEN0000372	2	10	3	7	1
MTGEN0000373	2	10	3	7	1
MTGEN0000374	2	10	3	7	1
MTGEN0000375	2	10	3	7	1
MTGEN0000376	2	10	3	7	1
MTGEN0000377	2	10	3	7	1
MTGEN0000378	2	10	3	7	1
MTGEN0000379	2	10	3	7	1
MTGEN0000380	2	10	3	7	1
MTGEN0000381	2	10	3	7	1
MTGEN0000382	2	10	3	7	1
MTGEN0000383	2	10	3	7	1
MTGEN0000384	1	4	2	2	1
MTGEN0000385	2	4	3	1	1
MTGEN0000386	0	0	0	0	0
MTGEN0000387	0	0	0	0	0
MTGEN0000388	2	10	3	7	1
MTGEN0000389	0	0	0	0	0
MTGEN0000390	25	75	26	49	1
MTGEN0000391	2	5	3	2	1
MTGEN0000392	0	0	0	0	0
MTGEN0000393	0	0	0	0	0
MTGEN0000394	0	0	0	0	0
MTGEN0000395	0	0	0	0	0
MTGEN0000396	2	5	3	2	1
MTGEN0000397	0	0	0	0	0
MTGEN0000398	10	20	11	9	1
MTGEN0000399	10	20	11	9	1
MTGEN0000400	10	20	11	9	1
MTGEN0000401	5	10	6	4	1
MTGEN0000402	5	10	6	4	1
MTGEN0000403	10	20	11	9	1
MTGEN0000404	10	20	11	9	1
MTGEN0000405	3	10	4	6	1
MTGEN0000406	0	0	0	0	0
MTGEN0000407	0	0	0	0	0
MTGEN0000408	5	10	6	4	1
MTGEN0000409	0	0	0	0	0
MTGEN0000410	0	0	0	0	0
MTGEN0000411	10	20	11	9	1
MTGEN0000412	5	10	6	4	1
MTGEN0000413	0	0	0	0	0
MTGEN0000414	5	10	6	4	1
MTGEN0000415	5	10	6	4	1
MTGEN0000416	5	10	6	4	1
MTGEN0000417	10	20	11	9	1
MTGEN0000418	0	0	0	0	0
MTGEN0000419	0	0	0	0	0
MTGEN0000420	10	15	11	9	1
MTGEN0000421	10	15	11	9	1
MTGEN0000422	10	15	11	9	1
MTGEN0000423	10	15	11	9	1
MTGEN0000424	10	15	11	9	1
MTGEN0000425	10	15	11	9	1
MTGEN0000426	5	10	6	4	1
MTGEN0000427	10	15	11	9	1
MTGEN0000428	5	10	6	4	1
MTGEN0000429	10	15	11	9	1
MTGEN0000430	10	15	11	9	1
MTGEN0000431	5	10	6	4	1
MTGEN0000432	0	0	0	0	0
MTGEN0000433	5	10	6	4	1
MTGEN0000435	0	0	0	0	0
MTGEN0000436	0	0	0	0	0
MTGEN0000437	0	0	0	0	0
MTGEN0000438	5	10	6	4	1
MTGEN0000439	0	0	0	0	0
MTGEN0000440	5	10	6	4	1
MTGEN0000441	5	10	6	4	1
MTGEN0000442	10	15	11	9	1
MTGEN0000443	0	0	0	0	0
MTGEN0000444	0	0	0	0	0
MTGEN0000445	100	200	105	95	1
MTGEN0000446	0	0	0	0	0
MTGEN0000447	0	0	0	0	0
MTGEN0000448	0	0	0	0	0
MTGEN0000449	0	0	0	0	0
MTGEN0000450	10	20	11	9	1
MTGEN0000451	10	20	11	9	1
MTGEN0000452	10	20	11	9	1
MTGEN0000453	10	20	11	9	1
MTGEN0000454	0	0	0	0	0
MTGEN0000455	3	10	4	6	1
MTGEN0000456	2	10	3	7	1
MTGEN0000457	0	0	0	0	0
MTGEN0000458	1	3	2	1	1
MTGEN0000459	1	2	2	0	1
MTGEN0000460	10	15	11	9	1
MTGEN0000461	5	10	6	4	1
MTGEN0000462	10	15	11	9	1
MTGEN0000463	0	0	0	0	0
MTGEN0000464	10	15	11	9	1
MTGEN0000465	15	10	11	14	1
MTGEN0000466	0	0	0	0	0
MTGEN0000467	0	0	0	0	0
MTGEN0000468	0	0	0	0	0
MTGEN0000469	0	0	0	0	0
MTGEN0000470	0	0	0	0	0
MTGEN0000471	0	0	0	0	0
MTGEN0000472	0	0	0	0	0
MTGEN0000473	0	0	0	0	0
MTGEN0000474	0	0	0	0	0
MTGEN0000475	10	15	11	9	1
MTGEN0000476	0	0	0	0	0
MTGEN0000477	0	0	0	0	0
MTGEN0000478	0	0	0	0	0
MTGEN0000479	1	2	2	0	1
MTGEN0000480	2	8	3	5	1
MTGEN0000481	2	8	3	5	1
MTGEN0000482	5	10	6	4	1
MTGEN0000483	3	10	4	6	1
MTGEN0000484	1	6	2	4	1
MTGEN0000485	2	10	3	7	1
MTGEN0000486	2	10	3	7	1
MTGEN0000487	0	0	0	0	0
MTGEN0000488	25	50	26	24	1
MTGEN0000489	25	50	26	24	1
MTGEN0000490	10	15	11	9	1
MTGEN0000491	0	0	0	0	0
MTGEN0000492	0	0	0	0	0
MTGEN0000493	0	0	0	0	0
MTGEN0000494	0	0	0	0	0
MTGEN0000496	100	500	105	395	1
MTGEN0000497	1	5	2	3	1
MTGEN0000498	0	0	0	0	0
MTGEN0000499	0	0	0	0	0
MTGEN0000500	0	0	0	0	0
MTGEN0000501	0	0	0	0	0
MTGEN0000502	0	0	0	0	0
MTGEN0000503	0	0	0	0	0
MTGEN0000504	0	0	0	0	0
MTGEN0000505	0	0	0	0	0
MTGEN0000506	0	0	0	0	0
MTGEN0000507	10	20	11	9	1
MTGEN0000508	10	20	11	9	1
MTGEN0000509	10	20	11	9	1
MTGEN0000510	2	4	3	1	1
MTGEN0000511	8	15	9	6	1
MTGEN0000512	5	10	6	4	1
MTGEN0000513	5	10	6	4	1
MTGEN0000514	8	15	9	6	1
MTGEN0000515	8	15	9	6	1
MTGEN0000516	8	15	9	6	1
MTGEN0000517	8	15	9	6	1
MTGEN0000518	8	15	9	6	1
MTGEN0000519	5	10	6	4	1
MTGEN0000520	0	0	0	0	0
MTGEN0000521	5	10	6	4	1
MTGEN0000522	8	10	9	1	1
MTGEN0000523	2	5	3	2	1
MTGEN0000524	40	75	50	25	1
MTGEN0000525	40	75	50	25	1
MTGEN0000526	40	75	50	25	1
MTGEN0000527	10	20	12	8	1
MTGEN0000528	10	20	12	8	1
MTGEN0000529	10	20	12	8	1
MTGEN0000530	10	20	12	8	1
MTGEN0000531	0	0	0	0	0
MTGEN0000532	10	20	12	8	1
MTGEN0000533	10	20	12	8	1
MTGEN0000534	10	20	12	8	1
MTGEN0000535	8	15	9	6	1
MTGEN0000536	5	10	11	-1	1
MTGEN0000537	0	0	0	0	0
MTGEN0000538	5	10	6	4	1
MTGEN0000539	5	10	6	4	1
MTGEN0000540	5	10	6	4	1
MTGEN0000541	5	10	6	4	1
MTGEN0000542	8	15	9	6	1
MTGEN0000543	8	15	9	6	1
MTGEN0000544	5	10	6	4	1
MTGEN0000545	0	0	0	0	0
MTGEN0000546	0	0	0	0	0
MTGEN0000547	0	0	0	0	0
MTGEN0000548	10	20	11	9	1
MTGEN0000549	0	0	0	0	0
MTGEN0000550	10	20	11	9	1
MTGEN0000551	10	20	11	9	1
MTGEN0000552	10	20	11	9	1
MTGEN0000553	5	10	6	4	1
MTGEN0000554	0	0	0	0	0
MTGEN0000555	10	20	11	9	1
MTGEN0000556	10	20	11	9	1
MTGEN0000557	10	20	11	9	1
MTGEN0000558	10	20	11	9	1
MTGEN0000559	8	5	9	-4	1
MTGEN0000560	8	15	9	6	1
MTGEN0000561	8	15	9	6	1
MTGEN0000562	5	10	6	4	1
MTGEN0000563	5	10	6	4	1
MTGEN0000564	0	0	0	0	0
MTGEN0000565	5	10	6	4	1
MTGEN0000566	0	0	0	0	0
MTGEN0000567	5	10	6	4	1
MTGEN0000568	0	0	0	0	0
MTGEN0000569	0	0	0	0	0
MTGEN0000570	2	4	3	1	1
MTGEN0000571	10	20	11	9	1
MTGEN0000572	10	20	11	9	1
MTGEN0000573	8	15	9	6	1
MTGEN0000574	5	10	6	4	1
MTGEN0000575	5	10	6	4	1
MTGEN0000576	5	10	6	4	1
MTGEN0000577	5	10	6	4	1
MTGEN0000578	5	10	6	4	1
MTGEN0000579	5	10	6	4	1
MTGEN0000580	25	50	26	24	1
MTGEN0000581	25	50	26	24	1
MTGEN0000582	2	4	3	1	1
MTGEN0000583	2	4	3	1	1
MTGEN0000584	10	20	10	10	1
MTGEN0000585	100	500	105	395	1
MTGEN0000586	100	500	105	395	1
MTGEN0000587	50	100	55	45	1
MTGEN0000588	50	100	55	45	1
MTGEN0000589	50	100	55	45	1
MTGEN0000590	50	100	55	45	1
MTGEN0000591	10	20	10	10	1
MTGEN0000592	8	15	9	6	1
MTGEN0000593	0	0	0	0	0
MTGEN0000594	0	0	0	0	0
MTGEN0000595	0	0	0	0	0
MTGEN0000596	2	10	3	7	1
MTGEN0000597	2	10	3	7	1
MTGEN0000598	10	20	11	9	1
MTGEN0000599	10	20	11	9	1
MTGEN0000600	10	20	11	9	1
MTGEN0000601	0	0	0	0	0
MTGEN0000602	0	0	0	0	0
MTGEN0000603	0	0	0	0	0
MTGEN0000604	25	100	26	74	1
MTGEN0000605	25	100	26	74	1
MTGEN0000606	25	100	26	74	1
MTGEN0000607	0	0	0	0	0
MTGEN0000608	10	30	11	19	1
MTGEN0000609	0	0	0	0	0
MTGEN0000610	2	10	3	7	1
MTGEN0000611	1	5	2	3	1
MTGEN0000612	0	0	0	0	0
MTGEN0000613	0	0	0	0	0
MTGEN0000614	0	0	0	0	0
MTGEN0000615	0	0	0	0	0
MTGEN0000616	0	0	0	0	0
MTGEN0000617	0	0	0	0	0
MTGEN0000618	0	0	0	0	0
MTGEN0000619	0	0	0	0	0
MTGEN0000620	0	0	0	0	0
MTGEN0000621	0	0	0	0	0
MTGEN0000622	0	0	0	0	0
MTGEN0000623	0	0	0	0	0
MTGEN0000624	0	0	0	0	0
MTGEN0000625	0	0	0	0	0
MTGEN0000626	20	50	21	29	1
MTGEN0000627	20	50	21	29	1
MTGEN0000628	20	50	21	29	1
MTGEN0000629	20	50	21	29	1
MTGEN0000630	0	0	0	0	0
MTGEN0000631	20	50	21	29	1
MTGEN0000632	20	50	21	29	1
MTGEN0000633	0	0	0	0	0
MTGEN0000634	0	0	0	0	0
MTGEN0000635	0	0	0	0	0
MTGEN0000636	5	10	6	4	1
MTGEN0000637	0	0	0	0	0
MTGEN0000638	2	5	3	2	1
MTGEN0000639	20	30	21	9	1
MTGEN0000640	2	10	3	7	1
MTGEN0000641	4	6	5	1	1
MTGEN0000642	4	10	5	5	1
MTGEN0000643	5	10	6	4	1
MTGEN0000644	2	6	3	6	1
MTGEN0000645	0	0	0	0	0
MTGEN0000646	0	0	0	0	0
MTGEN0000647	0	0	0	0	0
MTGEN0000648	0	0	0	0	0
MTGEN0000649	0	0	0	0	0
MTGEN0000650	0	0	0	0	0
MTGEN0000651	0	0	0	0	0
MTGEN0000652	0	0	0	0	0
MTGEN0000653	0	0	0	0	0
MTGEN0000654	25	50	26	24	1
MTGEN0000655	25	50	26	24	1
MTGEN0000656	25	50	26	24	1
MTGEN0000657	25	50	26	24	1
MTGEN0000661	25	75	26	49	1
MTGEN0000663	10	20	11	9	1
MTGEN0000664	10	20	11	9	1
MTGEN0000665	10	20	11	9	1
MTGEN0000666	1	3	2	1	1
MTGEN0000667	5	10	6	4	1
MTGEN0000668	10	20	11	9	1
MTGEN0000669	2	10	3	7	1
MTGEN0000670	0	0	0	0	0
MTGEN0000671	0	0	0	0	0
MTGEN0000672	100	500	200	300	1
MTGEN0000673	0	0	0	0	0
MTGEN0000674	0	0	0	0	0
MTGEN0000675	1	1	0	1	1
MTGEN0000676	0	0	0	0	0
MTGEN0000677	10	25	11	14	1
MTGEN0000678	2	5	3	2	1
MTGEN0000680	3	6	4	2	1
MTGEN0000681	3	6	4	2	1
MTGEN0001213	2	4	3	1	1
MTGEN0001214	2	4	3	1	1
MTGEN0001352	2	4	3	1	1
MTGEN0001353	2	4	3	1	1
MTGEN0001354	2	4	3	1	1
MTGEN0001355	5	10	6	4	1
MTGEN0001356	5	10	6	4	1
MTGEN0001357	0	0	0	0	0
MTGEN0001358	0	0	0	0	0
MTGEN0001359	2	4	3	1	1
MTGEN0001360	0	0	0	0	0
MTGEN0001361	2	4	3	1	1
MTGEN0001362	0	0	0	0	0
MTGEN0001363	0	0	0	0	0
MTGEN0001364	0	0	0	0	0
MTGEN0001365	0	0	0	0	0
MTGEN0001366	0	0	0	0	0
MTGEN0001367	0	0	0	0	0
MTGEN0001368	0	0	0	0	0
MTGEN0001369	0	0	0	0	0
MTGEN0001370	0	0	0	0	0
MTGEN0001371	0	0	0	0	0
MTGEN0001372	1	5	2	3	1
MTGEN0001373	1	5	2	3	1
MTGEN0001374	1	5	2	3	1
MTGEN0001375	1	5	2	3	1
MTGEN0001376	0	0	0	0	0
MTGEN0001377	2	6	3	3	1
MTGEN0001378	0	0	0	0	0
MTGEN0001379	0	0	0	0	0
MTGEN0001380	0	0	0	0	0
MTGEN0001381	0	0	0	0	0
MTGEN0001382	0	0	0	0	0
MTGEN0001383	0	0	0	0	0
MTGEN0001384	0	0	0	0	0
MTGEN0001385	0	0	0	0	0
MTGEN0001386	5	10	6	4	1
MTGEN0001387	0	0	0	0	0
MTGEN0001388	0	0	0	0	0
MTGEN0001389	0	0	0	0	0
MTGEN0001390	0	0	0	0	0
MTGEN0001391	20	50	21	29	1
MTGEN0001392	8	20	9	11	1
MTGEN0001393	8	20	9	11	1
MTGEN0001394	0	0	0	0	0
MTGEN0001395	0	0	0	0	0
MTGEN0001396	0	0	0	0	0
MTGEN0001397	25	75	26	49	1
MTGEN0001398	0	0	0	0	0
MTGEN0001399	0	0	0	0	0
MTGEN0001400	0	0	0	0	0
MTGEN0001401	0	0	0	0	0
MTGEN0001402	5	10	6	4	1
MTGEN0001403	5	10	6	4	1
MTGEN0001404	5	10	6	4	1
MTGEN0001405	5	10	6	4	1
MTGEN0001406	5	10	6	4	1
MTGEN0001407	2	10	3	7	1
MTGEN0001408	5	10	6	4	1
MTGEN0001409	0	0	0	0	0
MTGEN0001410	2	10	3	7	1
MTGEN0001411	0	0	0	0	0
MTGEN0001412	15	30	16	14	1
MTGEN0001413	0	0	0	0	0
MTGEN0001414	0	0	0	0	0
MTGEN0001415	0	0	0	0	0
MTGEN0001416	0	0	0	0	0
MTGEN0001417	0	0	0	0	0
MTGEN0001418	0	0	0	0	0
MTGEN0001419	0	0	0	0	0
MTGEN0001420	0	0	0	0	0
MTGEN0001421	0	0	0	0	0
MTGEN0001422	10	15	11	9	1
MTGEN0001423	10	15	11	9	1
MTGEN0001424	0	0	0	0	0
MTGEN0001425	5	10	6	4	1
MTGEN0001426	10	15	11	9	1
MTGEN0001427	10	15	11	9	1
MTGEN0001428	0	0	0	0	0
MTGEN0001429	10	15	11	9	1
MTGEN0001430	8	11	9	2	1
MTGEN0001431	5	10	6	4	1
MTGEN0001432	0	0	0	0	0
MTGEN0001433	0	0	0	0	0
MTGEN0001434	0	0	0	0	0
MTGEN0001435	0	0	0	0	0
MTGEN0001436	10	15	11	9	1
MTGEN0001437	10	15	11	9	1
MTGEN0001438	10	15	11	9	1
MTGEN0001439	0	0	0	0	0
MTGEN0001440	0	0	0	0	0
MTGEN0001441	10	15	11	9	1
MTGEN0001442	2	4	3	1	1
MTGEN0001443	0	0	0	0	0
MTGEN0001444	0	0	0	0	0
MTGEN0001445	0	0	0	0	0
MTGEN0001446	100	500	105	395	1
MTGEN0001447	100	500	105	395	1
MTGEN0001448	0	0	0	0	0
MTGEN0001449	0	0	0	0	0
MTGEN0001450	0	0	0	0	0
MTGEN0001451	20	50	21	29	1
MTGEN0001452	1	5	2	3	1
MTGEN0001453	1	5	2	3	1
MTGEN0001454	0	0	0	0	0
MTGEN0001455	25	100	26	74	1
MTGEN0001456	4	8	5	3	1
MTGEN0001457	100	500	200	300	1
MTGEN0001458	0	0	0	0	0
MTGEN0001459	0	0	0	0	0
MTGEN0001460	0	0	0	0	0
MTGEN0001549	0	0	0	0	0
MTGEN0001551	0	0	0	0	0
MTGEN0001570	0	0	0	0	0
MTGEN0001571	0	0	0	0	0
MTGEN0001572	0	0	0	0	0
MTGEN0001573	0	0	0	0	0
MTGEN0001574	0	0	0	0	0
MTGEN0001575	0	0	0	0	0
MTGEN0001576	100	500	101	399	1
MTGEN0001577	2	5	3	2	1
MTGEN0001578	0	0	0	0	0
MTGEN0001579	0	0	0	0	0
MTGEN0001580	0	0	0	0	0
MTGEN0001584	2	5	3	2	1
MTGEN0001585	0	0	0	0	0
MTGEN0001586	0	0	0	0	0
MTGEN0001587	0	0	0	0	0
MTGEN0001588	0	0	0	0	0
MTGEN0001589	0	0	0	0	0
MTGEN0001590	10	20	11	9	1
MTGEN0001591	0	0	0	0	0
MTGEN0001592	0	0	0	0	0
MTGEN0001593	0	0	0	0	0
MTGEN0001599	0	0	0	0	0
MTGEN0001610	2	5	3	2	1
MTGEN0001619	1	2	1	1	1
MTGEN0001623	100	500	101	399	1
MTGEN0001629	10	20	11	9	1
MTGEN0001630	0	0	0	0	0
MTGEN0001638	0	0	0	0	0
MTGEN0001639	0	0	0	0	0
MTGEN0001640	0	0	0	0	0
MTGEN0001641	0	0	0	0	0
MTGEN0001644	0	0	0	0	0
MTGEN0001649	0	0	0	0	0
MTGEN0001650	5	10	6	4	1
MTGEN0001656	0	0	0	0	0
MTGEN0001657	0	0	0	0	0
MTGEN0001658	0	0	0	0	0
MTGEN0001659	0	0	0	0	0
MTGEN0001668	0	0	0	0	0
MTGEN0001669	10	20	11	9	1
MTGEN0001670	50	100	51	49	1
MTGEN0001679	0	0	0	0	0
MTGEN0001680	0	0	0	0	0
MTGEN0001804	0	0	0	0	0
MTGEN0001805	0	0	0	0	0
MTGEN0001806	0	0	0	0	0
MTGEN0001807	0	0	0	0	0
MTGEN0001844	0	0	0	0	0
MTGEN0001845	0	0	0	0	0
MTGEN0001846	0	0	0	0	0
MTGEN0001847	0	0	0	0	0
MTGEN0001848	0	0	0	0	0
MTGEN0001849	0	0	0	0	0
MTGEN0001876	0	0	0	0	0
MTGEN0001877	0	0	0	0	0
MTGEN0001878	0	0	0	0	0
MTGEN0001879	0	0	0	0	0
MTGEN0001880	0	0	0	0	0
MTGEN0001881	0	0	0	0	0
MTGEN0001882	0	0	0	0	0
MTGEN0001883	0	0	0	0	0
MTGEN0001884	0	0	0	0	0
MTGEN0001885	0	0	0	0	0
MTGEN0001886	0	0	0	0	0
MTGEN0001887	0	0	0	0	0
MTGEN0001888	0	0	0	0	0
MTGEN0001889	0	0	0	0	0
MTGEN0001890	0	0	0	0	0
MTGEN0001891	0	0	0	0	0
MTGEN0001892	0	0	0	0	0
MTGEN0001893	0	0	0	0	0
MTGEN0001894	0	0	0	0	0
MTGEN0001895	0	0	0	0	0
MTGEN0001896	0	0	0	0	0
MTGEN0001897	0	0	0	0	0
MTGEN0001898	0	0	0	0	0
MTGEN0001899	0	0	0	0	0
MTGEN0001900	0	0	0	0	0
MTGEN0001901	0	0	0	0	0
MTGEN0001902	0	0	0	0	0
MTGEN0001903	0	0	0	0	0
MTGEN0001904	0	0	0	0	0
MTGEN0001905	0	0	0	0	0
MTGEN0001906	0	0	0	0	0
MTGEN0001907	0	0	0	0	0
MTGEN0001908	0	0	0	0	0
MTGEN0001918	0	0	0	0	0
MTGEN0001930	0	0	0	0	0
MTGEN0001931	0	0	0	0	0
MTGEN0001932	0	0	0	0	0
MTGEN0001937	0	0	0	0	0
MTGEN0001938	0	0	0	0	0
MTGEN0001939	0	0	0	0	0
MTGEN0001946	0	0	0	0	0
MTGEN0001947	0	0	0	0	0
MTGEN0001948	0	0	0	0	0
MTGEN0001949	0	0	0	0	0
MTGEN0001950	0	0	0	0	0
MTGEN0001955	10	20	10	10	1
MTGEN0001956	5	10	5	5	1
MTGEN0001957	0	0	0	0	0
MTGEN0001962	0	0	0	0	0
MTGEN0001992	0	0	0	0	0
MTGEN0001993	0	0	0	0	0
MTGEN0001994	0	0	0	0	0
MTGEN0001995	0	0	0	0	0
MTGEN0001996	0	0	0	0	0
MTGEN0001997	0	0	0	0	0
MTGEN0001998	0	0	0	0	0
MTGEN0002021	0	0	0	0	0
MTGEN0002022	0	0	0	0	0
MTGEN0002024	0	0	0	0	0
MTGEN0002025	0	0	0	0	0
MTGEN0002028	0	0	0	0	0
MTGEN0002030	0	0	0	0	0
MTGEN0002038	0	0	0	0	0
MTGEN0002040	0	0	0	0	0
MTGEN0002046	0	0	0	0	0
MTGEN0002047	0	0	0	0	0
MTGEN0002048	0	0	0	0	0
MTGEN0002055	0	0	0	0	0
MTGEN0002061	0	0	0	0	0
MTGEN0002063	0	0	0	0	0
MTGEN0002082	0	0	0	0	0
MTGEN0002083	0	0	0	0	0
MTGEN0002084	0	0	0	0	0
MTGEN0002085	0	0	0	0	0
MTGEN0002086	0	0	0	0	0
MTGEN0002096	0	0	0	0	0
MTGEN0002097	0	0	0	0	0
MTGEN0002101	0	0	0	0	0
MTGEN0002102	0	0	0	0	0
MTGEN0002103	0	0	0	0	0
MTGEN0002104	0	0	0	0	0
MTGEN0002109	0	0	0	0	0
MTGEN0002127	0	0	0	0	0
MTGEN0002128	0	0	0	0	0
MTGEN0002129	0	0	0	0	0
MTGEN0002145	0	0	0	0	0
MTGEN0002146	0	0	0	0	0
MTGEN0002147	0	0	0	0	0
MTGEN0002148	0	0	0	0	0
MTGEN0002149	0	0	0	0	0
MTGEN0002150	0	0	0	0	0
MTGEN0002151	0	0	0	0	0
MTGEN0002152	0	0	0	0	0
MTGEN0002153	0	0	0	0	0
MTGEN0002154	0	0	0	0	0
MTGEN0002159	0	0	0	0	0
MTGEN0002160	0	0	0	0	0
MTGEN0002170	0	0	0	0	0
MTGEN0002179	0	0	0	0	0
MTGEN0002185	0	0	0	0	0
MTGEN0002186	0	0	0	0	0
MTGEN0002187	0	0	0	0	0
MTGEN0002188	0	0	0	0	0
MTGEN0002204	0	0	0	0	0
MTGEN0002205	0	0	0	0	0
MTGEN0002206	0	0	0	0	0
MTGEN0002207	0	0	0	0	0
MTGEN0002208	0	0	0	0	0
MTGEN0002209	0	0	0	0	0
MTGEN0002210	0	0	0	0	0
MTGEN0002211	0	0	0	0	0
MTGEN0002212	0	0	0	0	0
MTGEN0002213	0	0	0	0	0
MTGEN0002214	0	0	0	0	0
MTGEN0002215	0	0	0	0	0
MTGEN0002216	0	0	0	0	0
MTGEN0002217	0	0	0	0	0
MTGEN0002218	0	0	0	0	0
MTGEN0002220	0	0	0	0	0
MTGEN0002221	0	0	0	0	0
MTGEN0002222	0	0	0	0	0
MTGEN0002223	0	0	0	0	0
MTGEN0002228	0	0	0	0	0
MTGEN0002231	0	0	0	0	0
MTGEN0002233	0	0	0	0	0
MTGEN0002237	0	0	0	0	0
MTGEN0002239	0	0	0	0	0
MTGEN0002245	0	0	0	0	0
MTGEN0002246	0	0	0	0	0
MTGEN0002247	0	0	0	0	0
MTGEN0002248	0	0	0	0	0
MTGEN0002249	0	0	0	0	0
MTGEN0002250	0	0	0	0	0
MTGEN0002251	0	0	0	0	0
MTGEN0002252	0	0	0	0	0
MTGEN0002253	0	0	0	0	0
MTGEN0002254	0	0	0	0	0
MTGEN0002255	0	0	0	0	0
MTGEN0002256	0	0	0	0	0
MTGEN0002257	0	0	0	0	0
MTGEN0002258	0	0	0	0	0
MTGEN0002259	0	0	0	0	0
MTGEN0002261	0	0	0	0	0
MTGEN0002263	0	0	0	0	0
MTGEN0002264	0	0	0	0	0
MTGEN0002265	0	0	0	0	0
MTGEN0002266	0	0	0	0	0
MTGEN0002267	0	0	0	0	0
MTGEN0002269	0	0	0	0	0
MTGEN0002271	0	0	0	0	0
MTGEN0002272	0	0	0	0	0
MTGEN0002273	0	0	0	0	0
MTGEN0002274	0	0	0	0	0
MTGEN0002291	0	0	0	0	0
MTGEN0002295	0	0	0	0	0
MTGEN0002296	0	0	0	0	0
MTGEN0002312	0	0	0	0	0
MTGEN0002315	0	0	0	0	0
MTGEN0002317	0	0	0	0	0
MTGEN0002318	0	0	0	0	0
MTGEN0002319	0	0	0	0	0
MTGEN0002320	0	0	0	0	0
MTGEN0002321	0	0	0	0	0
MTGEN0002322	0	0	0	0	0
MTGEN0002323	0	0	0	0	0
MTGEN0002324	0	0	0	0	0
MTGEN0002325	0	0	0	0	0
MTGEN0002326	0	0	0	0	0
MTGEN0002327	0	0	0	0	0
MTGEN0002328	0	0	0	0	0
MTGEN0002329	0	0	0	0	0
MTGEN0002330	0	0	0	0	0
MTGEN0002351	0	0	0	0	0
MTGEN0002367	0	0	0	0	0
MTGEN0002382	0	0	0	0	0
MTGEN0002402	0	0	0	0	0
MTGEN0002403	0	0	0	0	0
MTGEN0002404	0	0	0	0	0
MTGEN0002405	0	0	0	0	0
MTGEN0002406	0	0	0	0	0
MTGEN0002407	0	0	0	0	0
MTGEN0002408	0	0	0	0	0
MTGEN0002409	0	0	0	0	0
MTGEN0002410	0	0	0	0	0
MTGEN0002412	0	0	0	0	0
MTGEN0002413	0	0	0	0	0
MTGEN0002414	0	0	0	0	0
MTGEN0002415	0	0	0	0	0
MTGEN0002418	0	0	0	0	0
MTGEN0002419	0	0	0	0	0
MTGEN0002420	0	0	0	0	0
MTGEN0002421	0	0	0	0	0
MTGEN0002422	0	0	0	0	0
MTGEN0002424	0	0	0	0	0
MTGEN0002425	0	0	0	0	0
MTGEN0002441	0	0	0	0	0
MTGEN0002442	0	0	0	0	0
MTGEN0002443	0	0	0	0	0
MTGEN0002444	0	0	0	0	0
MTGEN0002445	0	0	0	0	0
MTGEN0002446	0	0	0	0	0
MTGEN0002450	0	0	0	0	0
MTGEN0002451	0	0	0	0	0
MTGEN0002452	0	0	0	0	0
MTGEN0002453	0	0	0	0	0
MTGEN0002454	0	0	0	0	0
MTGEN0002455	0	0	0	0	0
MTGEN0002456	0	0	0	0	0
MTGEN0002462	0	0	0	0	0
MTGEN0002463	0	0	0	0	0
MTGEN0002464	0	0	0	0	0
MTGEN0002465	0	0	0	0	0
MTGEN0002466	0	0	0	0	0
MTGEN0002467	0	0	0	0	0
MTGEN0002468	0	0	0	0	0
MTGEN0002469	0	0	0	0	0
MTGEN0002470	0	0	0	0	0
MTGEN0002472	0	0	0	0	0
MTGEN0002486	0	0	0	0	0
MTGEN0002535	0	0	0	0	0
MTGEN0002537	0	0	0	0	0
MTGEN0002538	0	0	0	0	0
MTGEN0002549	0	0	0	0	0
MTGEN0002550	0	0	0	0	0
MTGEN0002551	0	0	0	0	0
MTGEN0002552	0	0	0	0	0
MTGEN0002553	0	0	0	0	0
MTGEN0002554	0	0	0	0	0
MTGEN0002555	0	0	0	0	0
MTGEN0002568	0	0	0	0	0
MTGEN0002572	0	0	0	0	0
MTGEN0002574	0	0	0	0	0
MTGEN0002575	0	0	0	0	0
MTGEN0002579	0	0	0	0	0
MTGEN0002580	0	0	0	0	0
MTGEN0002581	0	0	0	0	0
MTGEN0002593	0	0	0	0	0
MTGEN0002594	0	0	0	0	0
MTGEN0002595	0	0	0	0	0
MTGEN0002596	0	0	0	0	0
MTGEN0002598	0	0	0	0	0
MTGEN0002599	0	0	0	0	0
MTGEN0002600	0	0	0	0	0
MTGEN0002601	0	0	0	0	0
MTGEN0002602	0	0	0	0	0
MTGEN0002603	0	0	0	0	0
MTGEN0002604	0	0	0	0	0
MTGEN0002605	0	0	0	0	0
MTGEN0002606	0	0	0	0	0
MTGEN0002616	0	0	0	0	0
MTGEN0002617	0	0	0	0	0
MTGEN0002618	0	0	0	0	0
MTGEN0002619	0	0	0	0	0
MTGEN0002620	0	0	0	0	0
MTGEN0002621	0	0	0	0	0
MTGEN0002622	0	0	0	0	0
MTGEN0002623	0	0	0	0	0
MTGEN0002637	0	0	0	0	0
MTGEN0002639	0	0	0	0	0
MTGEN0002640	0	0	0	0	0
MTGEN0002642	0	0	0	0	0
MTGEN0002643	0	0	0	0	0
MTGEN0002644	0	0	0	0	0
MTGEN0002645	0	0	0	0	0
MTGEN0002646	0	0	0	0	0
MTGEN0002648	0	0	0	0	0
MTGEN0002649	0	0	0	0	0
MTGEN0002658	0	0	0	0	0
MTGEN0002659	0	0	0	0	0
MTGEN0002660	0	0	0	0	0
MTGEN0002664	0	0	0	0	0
MTGEN0002665	0	0	0	0	0
MTGEN0002669	0	0	0	0	0
MTGEN000267	0	0	0	0	0
MTGEN0002670	0	0	0	0	0
MTGEN0002671	0	0	0	0	0
MTGEN0002672	0	0	0	0	0
MTGEN0002673	0	0	0	0	0
MTGEN0002674	0	0	0	0	0
MTGEN0002676	0	0	0	0	0
MTGEN0002677	0	0	0	0	0
MTGEN0002686	0	0	0	0	0
MTGEN0002687	0	0	0	0	0
MTGEN0002688	0	0	0	0	0
MTGEN0002689	0	0	0	0	0
MTGEN0002696	0	0	0	0	0
MTGEN0002697	0	0	0	0	0
MTGEN0002698	0	0	0	0	0
MTGEN0002700	0	0	0	0	0
MTGEN0002701	0	0	0	0	0
MTGEN0002702	0	0	0	0	0
MTGEN0002703	0	0	0	0	0
MTGEN0002704	0	0	0	0	0
MTGEN0002705	0	0	0	0	0
MTGEN0002707	0	0	0	0	0
MTGEN0002708	0	0	0	0	0
MTGEN0002709	0	0	0	0	0
MTGEN0002743	0	0	0	0	0
MTGEN0002754	0	0	0	0	0
MTGEN0002755	0	0	0	0	0
MTGEN0002756	0	0	0	0	0
MTGEN0002757	0	0	0	0	0
MTGEN0002758	0	0	0	0	0
MTGEN0002759	0	0	0	0	0
MTGEN0002760	0	0	0	0	0
MTGEN0002761	0	0	0	0	0
MTGEN0002764	0	0	0	0	0
MTGEN0002765	0	0	0	0	0
MTGEN0002769	0	0	0	0	0
MTMEC0000682	0	0	0	0	0
MTMEC0000683	0	0	0	0	0
MTMEC0000684	0	0	0	0	0
MTMEC0000685	0	0	0	0	0
MTMEC0000686	0	0	0	0	0
MTMEC0000687	0	0	0	0	0
MTMEC0000688	1	2	2	2	1
MTMEC0000689	0	0	0	0	0
MTMEC0000690	0	0	0	0	0
MTMEC0000691	0	0	0	0	0
MTMEC0000693	2	4	3	2	1
MTMEC0000694	2	4	3	2	1
MTMEC0000695	2	4	3	2	1
MTMEC0000696	0	0	0	0	0
MTMEC0000697	2	4	3	2	1
MTMEC0000698	0	0	0	0	0
MTMEC0000699	2	4	3	2	1
MTMEC0000700	0	0	0	0	0
MTMEC0000701	2	4	3	2	1
MTMEC0000702	2	4	3	2	1
MTMEC0000703	0	0	0	0	0
MTMEC0000704	2	4	3	2	1
MTMEC0000705	4	10	3	10	1
MTMEC0000706	4	10	5	8	1
MTMEC0000707	4	8	5	6	1
MTMEC0000708	0	0	0	0	0
MTMEC0000709	0	0	0	0	0
MTMEC0000710	0	0	0	0	0
MTMEC0000711	0	0	0	0	0
MTMEC0000712	0	0	0	0	0
MTMEC0000713	2	4	3	2	1
MTMEC0000714	2	4	3	2	1
MTMEC0000715	6	10	7	8	1
MTMEC0000716	4	6	5	4	1
MTMEC0000717	4	6	5	4	1
MTMEC0000718	2	4	3	2	1
MTMEC0000719	2	4	3	2	1
MTMEC0000720	2	4	3	2	1
MTMEC0000721	2	4	3	2	1
MTMEC0000722	0	0	0	0	0
MTMEC0000723	0	0	0	0	0
MTMEC0000724	0	0	0	0	0
MTMEC0000725	4	6	5	4	1
MTMEC0000726	4	6	5	4	1
MTMEC0000727	2	4	3	2	1
MTMEC0000728	0	0	0	0	0
MTMEC0000729	0	0	0	0	0
MTMEC0000730	0	0	0	0	0
MTMEC0000731	0	0	0	0	0
MTMEC0000732	0	0	0	0	0
MTMEC0000733	8	12	9	10	1
MTMEC0000734	2	4	3	2	1
MTMEC0000735	2	4	2	3	1
MTMEC0000736	2	4	3	2	1
MTMEC0000737	2	4	3	2	1
MTMEC0000738	2	4	3	2	1
MTMEC0000739	0	0	0	0	0
MTMEC0000740	0	0	0	0	0
MTMEC0000741	0	0	0	0	0
MTMEC0000742	2	4	3	2	1
MTMEC0000743	4	8	5	6	1
MTMEC0000744	6	10	7	8	1
MTMEC0000745	4	6	5	4	1
MTMEC0000746	6	10	7	8	1
MTMEC0000747	4	8	5	6	1
MTMEC0000748	6	10	7	8	1
MTMEC0000749	2	8	4	5	1
MTMEC0000750	4	8	5	6	1
MTMEC0000751	4	6	5	4	1
MTMEC0000752	6	10	7	8	1
MTMEC0000753	0	0	0	0	0
MTMEC0000754	0	0	0	0	0
MTMEC0000755	0	0	0	0	0
MTMEC0000756	0	0	0	0	0
MTMEC0000757	0	0	0	0	0
MTMEC0000758	4	6	5	4	1
MTMEC0000759	0	0	0	0	0
MTMEC0000760	2	4	3	2	1
MTMEC0000761	4	6	5	4	1
MTMEC0000762	0	0	0	0	0
MTMEC0000763	2	4	3	2	1
MTMEC0000764	0	0	0	0	0
MTMEC0000765	0	0	0	0	0
MTMEC0000766	0	0	0	0	0
MTMEC0000767	1	4	2	2	1
MTMEC0000768	0	0	0	0	0
MTMEC0000769	0	0	0	0	0
MTMEC0000770	0	0	0	0	0
MTMEC0000771	0	0	0	0	0
MTMEC0000772	0	0	0	0	0
MTMEC0000773	0	0	0	0	0
MTMEC0000774	0	0	0	0	0
MTMEC0000775	0	0	0	0	0
MTMEC0000776	1	4	2	2	1
MTMEC0000777	0	0	0	0	0
MTMEC0000778	2	6	3	4	1
MTMEC0000779	0	0	0	0	0
MTMEC0000780	1	4	2	2	1
MTMEC0000781	0	0	0	0	0
MTMEC0000782	0	0	0	0	0
MTMEC0000783	0	0	0	0	0
MTMEC0000784	0	0	0	0	0
MTMEC0000785	0	0	0	0	0
MTMEC0000786	0	0	0	0	0
MTMEC0000787	0	0	0	0	0
MTMEC0000788	0	0	0	0	0
MTMEC0000789	0	0	0	0	0
MTMEC0000790	0	0	0	0	0
MTMEC0000791	0	0	0	0	0
MTMEC0000792	1	4	2	2	1
MTMEC0000793	1	4	2	2	1
MTMEC0000794	0	0	0	0	0
MTMEC0000795	1	4	2	2	1
MTMEC0000796	0	0	0	0	0
MTMEC0000797	0	0	0	0	0
MTMEC0000799	0	0	0	0	0
MTMEC0000800	0	0	0	0	0
MTMEC0000801	0	0	0	0	0
MTMEC0000802	0	0	0	0	0
MTMEC0000803	2	6	3	4	1
MTMEC0000804	1	4	2	3	1
MTMEC0000805	1	4	2	3	1
MTMEC0000806	1	4	2	3	1
MTMEC0000807	0	0	0	0	0
MTMEC0000808	0	0	0	0	0
MTMEC0000809	0	0	0	0	0
MTMEC0000810	1	4	2	3	1
MTMEC0000811	0	0	0	0	0
MTMEC0000812	0	0	0	0	0
MTMEC0000813	0	0	0	0	0
MTMEC0000814	0	0	0	0	0
MTMEC0000815	0	0	0	0	0
MTMEC0000816	0	0	0	0	0
MTMEC0000817	0	0	0	0	0
MTMEC0000818	0	0	0	0	0
MTMEC0000819	0	0	0	0	0
MTMEC0000820	0	0	0	0	0
MTMEC0000821	0	0	0	0	0
MTMEC0000822	0	0	0	0	0
MTMEC0000823	0	0	0	0	0
MTMEC0000824	1	4	2	3	1
MTMEC0000825	1	4	2	3	1
MTMEC0000826	2	6	3	4	1
MTMEC0000827	0	0	0	0	0
MTMEC0000828	1	4	2	3	1
MTMEC0000829	0	0	0	0	0
MTMEC0000830	0	0	0	0	0
MTMEC0000831	0	0	0	0	0
MTMEC0000832	0	0	0	0	0
MTMEC0000833	2	8	4	6	1
MTMEC0000834	10	30	15	25	1
MTMEC0000835	10	30	15	25	1
MTMEC0000836	10	30	15	25	1
MTMEC0000837	10	30	15	25	1
MTMEC0000838	0	0	0	0	0
MTMEC0000839	0	0	0	0	0
MTMEC0000840	0	0	0	0	0
MTMEC0000841	0	0	0	0	0
MTMEC0000842	0	0	0	0	0
MTMEC0000843	0	0	0	0	0
MTMEC0000844	0	0	0	0	0
MTMEC0000845	0	0	0	0	0
MTMEC0000846	1	2	2	1	1
MTMEC0000847	0	0	0	0	0
MTMEC0000848	0	0	0	0	0
MTMEC0000849	0	0	0	0	0
MTMEC0000850	0	0	0	0	0
MTMEC0000851	2	6	3	4	1
MTMEC0000852	8	24	12	15	1
MTMEC0000853	10	30	15	25	1
MTMEC0000854	15	40	20	30	1
MTMEC0000855	5	20	10	10	1
MTMEC0000856	0	0	0	0	0
MTMEC0000857	0	0	0	0	0
MTMEC0000858	0	0	0	0	0
MTMEC0000859	0	0	0	0	0
MTMEC0000860	0	0	0	0	0
MTMEC0000861	0	0	0	0	0
MTMEC0000862	0	0	0	0	0
MTMEC0000863	0	0	0	0	0
MTMEC0000864	0	0	0	0	0
MTMEC0000865	0	0	0	0	0
MTMEC0000866	0	0	0	0	0
MTMEC0000867	0	0	0	0	0
MTMEC0000868	0	0	0	0	0
MTMEC0000869	0	0	0	0	0
MTMEC0000870	0	0	0	0	0
MTMEC0000871	0	0	0	0	0
MTMEC0000872	0	0	0	0	0
MTMEC0000873	1	2	2	1	1
MTMEC0000874	1	2	2	1	1
MTMEC0000875	0	0	0	0	0
MTMEC0000876	0	0	0	0	0
MTMEC0000877	0	0	0	0	0
MTMEC0000878	0	0	0	0	0
MTMEC0000879	0	0	0	0	0
MTMEC0000880	0	0	0	0	0
MTMEC0000881	0	0	0	0	0
MTMEC0000882	0	0	0	0	0
MTMEC0000883	0	0	0	0	0
MTMEC0000884	0	0	0	0	0
MTMEC0000885	0	0	0	0	0
MTMEC0000886	0	0	0	0	0
MTMEC0000887	0	0	0	0	0
MTMEC0000888	0	0	0	0	0
MTMEC0000889	0	0	0	0	0
MTMEC0000890	0	0	0	0	0
MTMEC0000891	0	0	0	0	0
MTMEC0000892	0	0	0	0	0
MTMEC0000893	0	0	0	0	0
MTMEC0000894	0	0	0	0	0
MTMEC0000895	0	0	0	0	0
MTMEC0000896	0	0	0	0	0
MTMEC0000897	0	0	0	0	0
MTMEC0000898	0	0	0	0	0
MTMEC0000899	0	0	0	0	0
MTMEC0000900	0	0	0	0	0
MTMEC0000901	0	0	0	0	0
MTMEC0000902	0	0	0	0	0
MTMEC0000903	0	0	0	0	0
MTMEC0000904	0	0	0	0	0
MTMEC0000905	0	0	0	0	0
MTMEC0000906	0	0	0	0	0
MTMEC0000907	0	0	0	0	0
MTMEC0000908	0	0	0	0	0
MTMEC0000909	0	0	0	0	0
MTMEC0000910	0	0	0	0	0
MTMEC0000911	0	0	0	0	0
MTMEC0000912	0	0	0	0	0
MTMEC0000913	0	0	0	0	0
MTMEC0000914	0	0	0	0	0
MTMEC0000915	0	0	0	0	0
MTMEC0000916	0	0	0	0	0
MTMEC0000917	0	0	0	0	0
MTMEC0000918	0	0	0	0	0
MTMEC0000919	0	0	0	0	0
MTMEC0000920	0	0	0	0	0
MTMEC0000921	0	0	0	0	0
MTMEC0000922	0	0	0	0	0
MTMEC0000923	0	0	0	0	0
MTMEC0000924	0	0	0	0	0
MTMEC0000925	0	0	0	0	0
MTMEC0000926	0	0	0	0	0
MTMEC0000929	0	0	0	0	0
MTMEC0000933	0	0	0	0	0
MTMEC0000934	0	0	0	0	0
MTMEC0000935	0	0	0	0	0
MTMEC0000936	0	0	0	0	0
MTMEC0000937	0	0	0	0	0
MTMEC0000938	0	0	0	0	0
MTMEC0000939	0	0	0	0	0
MTMEC0000940	0	0	0	0	0
MTMEC0000941	0	0	0	0	0
MTMEC0000942	0	0	0	0	0
MTMEC0000943	0	0	0	0	0
MTMEC0000944	0	0	0	0	0
MTMEC0000945	0	0	0	0	0
MTMEC0000946	0	0	0	0	0
MTMEC0000947	0	0	0	0	0
MTMEC0000948	0	0	0	0	0
MTMEC0000949	0	0	0	0	0
MTMEC0000950	2	4	3	2	1
MTMEC0000951	2	4	3	2	1
MTMEC0000952	2	4	3	2	1
MTMEC0000954	0	0	0	0	0
MTMEC0000955	0	0	0	0	0
MTMEC0000956	0	0	0	0	0
MTMEC0000957	0	0	0	0	0
MTMEC0000958	0	0	0	0	0
MTMEC0000959	0	0	0	0	0
MTMEC0000960	0	0	0	0	0
MTMEC0000961	0	0	0	0	0
MTMEC0000962	0	0	0	0	0
MTMEC0000963	0	0	0	0	0
MTMEC0000964	0	0	0	0	0
MTMEC0000965	0	0	0	0	0
MTMEC0000966	0	0	0	0	0
MTMEC0000967	0	0	0	0	0
MTMEC0000968	0	0	0	0	0
MTMEC0000969	0	0	0	0	0
MTMEC0000970	0	0	0	0	0
MTMEC0000971	0	0	0	0	0
MTMEC0000972	0	0	0	0	0
MTMEC0000973	0	0	0	0	0
MTMEC0000974	0	0	0	0	0
MTMEC0000975	0	0	0	0	0
MTMEC0000976	0	0	0	0	0
MTMEC0000977	0	0	0	0	0
MTMEC0000978	0	0	0	0	0
MTMEC0000979	0	0	0	0	0
MTMEC0000980	0	0	0	0	0
MTMEC0000981	0	0	0	0	0
MTMEC0000982	0	0	0	0	0
MTMEC0000983	0	0	0	0	0
MTMEC0000984	0	0	0	0	0
MTMEC0000985	0	0	0	0	0
MTMEC0000986	0	0	0	0	0
MTMEC0000987	0	0	0	0	0
MTMEC0000988	0	0	0	0	0
MTMEC0000989	0	0	0	0	0
MTMEC0000990	0	0	0	0	0
MTMEC0000991	0	0	0	0	0
MTMEC0000992	0	0	0	0	0
MTMEC0000993	0	0	0	0	0
MTMEC0000994	0	0	0	0	0
MTMEC0000995	0	0	0	0	0
MTMEC0000996	0	0	0	0	0
MTMEC0000997	0	0	0	0	0
MTMEC0000998	0	0	0	0	0
MTMEC0000999	0	0	0	0	0
MTMEC0001001	0	0	0	0	0
MTMEC0001002	0	0	0	0	0
MTMEC0001003	0	0	0	0	0
MTMEC0001004	0	0	0	0	0
MTMEC0001005	0	0	0	0	0
MTMEC0001006	0	0	0	0	0
MTMEC0001007	0	0	0	0	0
MTMEC0001008	0	0	0	0	0
MTMEC0001009	0	0	0	0	0
MTMEC0001010	0	0	0	0	0
MTMEC0001011	0	0	0	0	0
MTMEC0001012	0	0	0	0	0
MTMEC0001013	0	0	0	0	0
MTMEC0001014	0	0	0	0	0
MTMEC0001015	0	0	0	0	0
MTMEC0001016	0	0	0	0	0
MTMEC0001017	0	0	0	0	0
MTMEC0001018	0	0	0	0	0
MTMEC0001019	0	0	0	0	0
MTMEC0001020	0	0	0	0	0
MTMEC0001021	0	0	0	0	0
MTMEC0001022	0	0	0	0	0
MTMEC0001023	0	0	0	0	0
MTMEC0001024	0	0	0	0	0
MTMEC0001025	0	0	0	0	0
MTMEC0001026	0	0	0	0	0
MTMEC0001027	0	0	0	0	0
MTMEC0001028	0	0	0	0	0
MTMEC0001029	0	0	0	0	0
MTMEC0001030	0	0	0	0	0
MTMEC0001031	0	0	0	0	0
MTMEC0001032	0	0	0	0	0
MTMEC0001033	0	0	0	0	0
MTMEC0001034	0	0	0	0	0
MTMEC0001035	0	0	0	0	0
MTMEC0001036	0	0	0	0	0
MTMEC0001037	0	0	0	0	0
MTMEC0001038	0	0	0	0	0
MTMEC0001039	0	0	0	0	0
MTMEC0001040	0	0	0	0	0
MTMEC0001041	0	0	0	0	0
MTMEC0001042	0	0	0	0	0
MTMEC0001043	0	0	0	0	0
MTMEC0001044	0	0	0	0	0
MTMEC0001045	0	0	0	0	0
MTMEC0001046	0	0	0	0	0
MTMEC0001047	0	0	0	0	0
MTMEC0001048	0	0	0	0	0
MTMEC0001049	0	0	0	0	0
MTMEC0001050	0	0	0	0	0
MTMEC0001051	0	0	0	0	0
MTMEC0001052	0	0	0	0	0
MTMEC0001053	0	0	0	0	0
MTMEC0001054	0	0	0	0	0
MTMEC0001215	0	0	0	0	0
MTMEC0001216	0	0	0	0	0
MTMEC0001217	0	0	0	0	0
MTMEC0001218	0	0	0	0	0
MTMEC0001219	0	0	0	0	0
MTMEC0001220	0	0	0	0	0
MTMEC0001221	0	0	0	0	0
MTMEC0001222	0	0	0	0	0
MTMEC0001223	0	0	0	0	0
MTMEC0001224	0	0	0	0	0
MTMEC0001225	0	0	0	0	0
MTMEC0001226	0	0	0	0	0
MTMEC0001227	0	0	0	0	0
MTMEC0001228	0	0	0	0	0
MTMEC0001229	0	0	0	0	0
MTMEC0001230	0	0	0	0	0
MTMEC0001231	0	0	0	0	0
MTMEC0001232	0	0	0	0	0
MTMEC0001233	1	2	2	1	1
MTMEC0001234	0	0	0	0	0
MTMEC0001235	0	0	0	0	0
MTMEC0001236	0	0	0	0	0
MTMEC0001237	0	0	0	0	0
MTMEC0001238	0	0	0	0	0
MTMEC0001239	0	0	0	0	0
MTMEC0001240	0	0	0	0	0
MTMEC0001241	0	0	0	0	0
MTMEC0001242	0	0	0	0	0
MTMEC0001243	0	0	0	0	0
MTMEC0001244	0	0	0	0	0
MTMEC0001245	0	0	0	0	0
MTMEC0001246	0	0	0	0	0
MTMEC0001247	0	0	0	0	0
MTMEC0001248	0	0	0	0	0
MTMEC0001249	0	0	0	0	0
MTMEC0001250	0	0	0	0	0
MTMEC0001251	0	0	0	0	0
MTMEC0001252	0	0	0	0	0
MTMEC0001253	0	0	0	0	0
MTMEC0001254	0	0	0	0	0
MTMEC0001255	0	0	0	0	0
MTMEC0001256	0	0	0	0	0
MTMEC0001257	0	0	0	0	0
MTMEC0001258	0	0	0	0	0
MTMEC0001259	0	0	0	0	0
MTMEC0001260	0	0	0	0	0
MTMEC0001261	0	0	0	0	0
MTMEC0001262	0	0	0	0	0
MTMEC0001263	0	0	0	0	0
MTMEC0001264	0	0	0	0	0
MTMEC0001265	0	0	0	0	0
MTMEC0001266	0	0	0	0	0
MTMEC0001267	0	0	0	0	0
MTMEC0001268	0	0	0	0	0
MTMEC0001269	0	0	0	0	0
MTMEC0001270	0	0	0	0	0
MTMEC0001271	0	0	0	0	0
MTMEC0001272	0	0	0	0	0
MTMEC0001273	0	0	0	0	0
MTMEC0001274	0	0	0	0	0
MTMEC0001275	0	0	0	0	0
MTMEC0001276	0	0	0	0	0
MTMEC0001277	0	0	0	0	0
MTMEC0001278	0	0	0	0	0
MTMEC0001279	0	0	0	0	0
MTMEC0001280	0	0	0	0	0
MTMEC0001281	0	0	0	0	0
MTMEC0001283	0	0	0	0	0
MTMEC0001284	0	0	0	0	0
MTMEC0001285	0	0	0	0	0
MTMEC0001286	0	0	0	0	0
MTMEC0001287	0	0	0	0	0
MTMEC0001288	0	0	0	0	0
MTMEC0001289	0	0	0	0	0
MTMEC0001290	0	0	0	0	0
MTMEC0001291	0	0	0	0	0
MTMEC0001292	0	0	0	0	0
MTMEC0001293	0	0	0	0	0
MTMEC0001294	0	0	0	0	0
MTMEC0001295	0	0	0	0	0
MTMEC0001548	5	20	10	15	1
MTMEC0001550	0	0	0	0	0
MTMEC0001553	4	12	5	15	1
MTMEC0001564	0	0	0	0	0
MTMEC0001565	0	0	0	0	0
MTMEC0001566	0	0	0	0	0
MTMEC0001567	0	0	0	0	0
MTMEC0001568	0	0	0	0	0
MTMEC0001569	0	0	0	0	0
MTMEC0001595	2	4	3	2	1
MTMEC0001600	0	0	0	0	0
MTMEC0001601	0	0	0	0	0
MTMEC0001602	0	0	0	0	0
MTMEC0001603	0	0	0	0	0
MTMEC0001611	0	0	0	0	0
MTMEC0001613	0	0	0	0	0
MTMEC0001614	0	0	0	0	0
MTMEC0001616	0	0	0	0	0
MTMEC0001620	0	0	0	0	0
MTMEC0001628	0	0	0	0	0
MTMEC0001631	4	6	5	4	1
MTMEC0001633	0	0	0	0	0
MTMEC0001635	0	0	0	0	0
MTMEC0001636	0	0	0	0	0
MTMEC0001637	0	0	0	0	0
MTMEC0001674	0	0	0	0	0
MTMEC0001678	0	0	0	0	0
MTMEC0001681	0	0	0	0	0
MTMEC0001690	0	0	0	0	0
MTMEC0001691	2	4	3	2	1
MTMEC0001692	0	0	0	0	0
MTMEC0001693	4	8	5	6	1
MTMEC0001694	4	8	5	6	1
MTMEC0001695	4	8	5	6	1
MTMEC0001696	0	0	0	0	0
MTMEC0001697	4	8	5	6	1
MTMEC0001698	4	8	5	6	1
MTMEC0001699	2	4	3	2	1
MTMEC0001700	4	6	5	4	1
MTMEC0001701	4	10	5	8	1
MTMEC0001702	2	4	3	2	1
MTMEC0001703	2	6	5	2	1
MTMEC0001704	0	0	0	0	0
MTMEC0001705	0	0	0	0	0
MTMEC0001706	0	0	0	0	0
MTMEC0001707	0	0	0	0	0
MTMEC0001708	0	0	0	0	0
MTMEC0001709	2	4	3	2	1
MTMEC0001710	0	0	0	0	0
MTMEC0001711	2	4	3	2	1
MTMEC0001712	0	0	0	0	0
MTMEC0001713	0	0	0	0	0
MTMEC0001714	0	0	0	0	0
MTMEC0001715	0	0	0	0	0
MTMEC0001716	2	4	3	2	1
MTMEC0001717	0	0	0	0	0
MTMEC0001718	4	6	5	4	1
MTMEC0001719	2	6	4	3	1
MTMEC0001720	6	8	7	6	1
MTMEC0001721	0	0	0	0	0
MTMEC0001722	0	0	0	0	0
MTMEC0001723	0	0	0	0	0
MTMEC0001724	0	0	0	0	0
MTMEC0001725	0	0	0	0	0
MTMEC0001726	0	0	0	0	0
MTMEC0001727	0	0	0	0	0
MTMEC0001728	0	0	0	0	0
MTMEC0001729	2	6	4	3	1
MTMEC0001730	4	8	5	6	1
MTMEC0001731	0	0	0	0	0
MTMEC0001732	0	0	0	0	0
MTMEC0001733	2	4	5	0	1
MTMEC0001734	2	4	5	0	1
MTMEC0001735	4	8	5	6	1
MTMEC0001736	0	0	0	0	0
MTMEC0001737	8	12	10	9	1
MTMEC0001738	2	4	3	2	1
MTMEC0001739	0	0	0	0	0
MTMEC0001740	4	8	8	3	1
MTMEC0001741	0	0	0	0	0
MTMEC0001742	0	0	0	0	0
MTMEC0001743	0	0	0	0	0
MTMEC0001744	0	0	0	0	0
MTMEC0001745	0	0	0	0	0
MTMEC0001746	0	0	0	0	0
MTMEC0001747	0	0	0	0	0
MTMEC0001748	0	0	0	0	0
MTMEC0001749	0	0	0	0	0
MTMEC0001750	0	0	0	0	0
MTMEC0001751	0	0	0	0	0
MTMEC0001752	0	0	0	0	0
MTMEC0001753	0	0	0	0	0
MTMEC0001754	0	0	0	0	0
MTMEC0001755	0	0	0	0	0
MTMEC0001756	0	0	0	0	0
MTMEC0001757	0	0	0	0	0
MTMEC0001758	0	0	0	0	0
MTMEC0001759	0	0	0	0	0
MTMEC0001760	0	0	0	0	0
MTMEC0001761	0	0	0	0	0
MTMEC0001762	0	0	0	0	0
MTMEC0001763	0	0	0	0	0
MTMEC0001764	0	0	0	0	0
MTMEC0001765	0	0	0	0	0
MTMEC0001766	0	0	0	0	0
MTMEC0001767	0	0	0	0	0
MTMEC0001768	0	0	0	0	0
MTMEC0001769	0	0	0	0	0
MTMEC0001770	0	0	0	0	0
MTMEC0001771	0	0	0	0	0
MTMEC0001772	0	0	0	0	0
MTMEC0001773	0	0	0	0	0
MTMEC0001774	0	0	0	0	0
MTMEC0001775	0	0	0	0	0
MTMEC0001776	0	0	0	0	0
MTMEC0001777	0	0	0	0	0
MTMEC0001778	0	0	0	0	0
MTMEC0001779	0	0	0	0	0
MTMEC0001780	0	0	0	0	0
MTMEC0001781	0	0	0	0	0
MTMEC0001782	0	0	0	0	0
MTMEC0001783	0	0	0	0	0
MTMEC0001784	0	0	0	0	0
MTMEC0001785	0	0	0	0	0
MTMEC0001786	0	0	0	0	0
MTMEC0001787	0	0	0	0	0
MTMEC0001788	0	0	0	0	0
MTMEC0001789	0	0	0	0	0
MTMEC0001790	0	0	0	0	0
MTMEC0001791	0	0	0	0	0
MTMEC0001792	0	0	0	0	0
MTMEC0001793	0	0	0	0	0
MTMEC0001794	0	0	0	0	0
MTMEC0001795	0	0	0	0	0
MTMEC0001796	0	0	0	0	0
MTMEC0001797	0	0	0	0	0
MTMEC0001798	0	0	0	0	0
MTMEC0001799	0	0	0	0	0
MTMEC0001800	0	0	0	0	0
MTMEC0001801	0	0	0	0	0
MTMEC0001934	0	0	0	0	0
MTMEC0001951	0	0	0	0	0
MTMEC0001976	0	0	0	0	0
MTMEC0001977	0	0	0	0	0
MTMEC0001978	0	0	0	0	0
MTMEC0001979	0	0	0	0	0
MTMEC0001980	0	0	0	0	0
MTMEC0001981	0	0	0	0	0
MTMEC0001982	0	0	0	0	0
MTMEC0001983	0	0	0	0	0
MTMEC0001984	0	0	0	0	0
MTMEC0001985	0	0	0	0	0
MTMEC0001986	0	0	0	0	0
MTMEC0002029	0	0	0	0	0
MTMEC0002044	0	0	0	0	0
MTMEC0002045	0	0	0	0	0
MTMEC0002066	0	0	0	0	0
MTMEC0002067	0	0	0	0	0
MTMEC0002088	0	0	0	0	0
MTMEC0002089	0	0	0	0	0
MTMEC0002099	0	0	0	0	0
MTMEC0002122	0	0	0	0	0
MTMEC0002142	0	0	0	0	0
MTMEC0002143	0	0	0	0	0
MTMEC0002144	0	0	0	0	0
MTMEC0002171	0	0	0	0	0
MTMEC0002172	0	0	0	0	0
MTMEC0002173	0	0	0	0	0
MTMEC0002174	0	0	0	0	0
MTMEC0002175	0	0	0	0	0
MTMEC0002196	0	0	0	0	0
MTMEC0002199	0	0	0	0	0
MTMEC0002203	0	0	0	0	0
MTMEC0002219	0	0	0	0	0
MTMEC0002224	0	0	0	0	0
MTMEC0002232	0	0	0	0	0
MTMEC0002234	0	0	0	0	0
MTMEC0002305	0	0	0	0	0
MTMEC0002306	0	0	0	0	0
MTMEC0002307	0	0	0	0	0
MTMEC0002308	0	0	0	0	0
MTMEC0002309	0	0	0	0	0
MTMEC0002310	0	0	0	0	0
MTMEC0002311	0	0	0	0	0
MTMEC0002350	0	0	0	0	0
MTMEC0002369	0	0	0	0	0
MTMEC0002381	0	0	0	0	0
MTMEC0002383	0	0	0	0	0
MTMEC0002384	0	0	0	0	0
MTMEC0002385	0	0	0	0	0
MTMEC0002386	0	0	0	0	0
MTMEC0002387	0	0	0	0	0
MTMEC0002388	0	0	0	0	0
MTMEC0002389	0	0	0	0	0
MTMEC0002390	0	0	0	0	0
MTMEC0002391	0	0	0	0	0
MTMEC0002392	0	0	0	0	0
MTMEC0002393	0	0	0	0	0
MTMEC0002394	0	0	0	0	0
MTMEC0002395	0	0	0	0	0
MTMEC0002396	0	0	0	0	0
MTMEC0002397	0	0	0	0	0
MTMEC0002398	0	0	0	0	0
MTMEC0002399	0	0	0	0	0
MTMEC0002400	0	0	0	0	0
MTMEC0002401	0	0	0	0	0
MTMEC0002411	0	0	0	0	0
MTMEC0002569	0	0	0	0	0
MTMEC0002570	0	0	0	0	0
MTMEC0002597	0	0	0	0	0
MTMEC0002641	0	0	0	0	0
MTMEC0002666	0	0	0	0	0
MTMEC0002667	0	0	0	0	0
MTMEC0002668	0	0	0	0	0
MTMEC0002691	0	0	0	0	0
MTMEC0002692	0	0	0	0	0
MTMEC0002693	0	0	0	0	0
MTMEC0002694	0	0	0	0	0
MTMEC0002695	0	0	0	0	0
MTMEC0002716	0	0	0	0	0
MTMEC0002717	0	0	0	0	0
MTMEC0002718	0	0	0	0	0
MTMEC0002719	0	0	0	0	0
MTMEC0002720	0	0	0	0	0
MTMEC0002722	0	0	0	0	0
MTMEC0002723	0	0	0	0	0
MTMEC0002724	0	0	0	0	0
MTMEC0002725	0	0	0	0	0
MTMEC0002726	0	0	0	0	0
MTMEC0002727	0	0	0	0	0
MTMEC0002728	0	0	0	0	0
MTMEC0002729	0	0	0	0	0
MTMEC0002730	0	0	0	0	0
MTMEC0002731	0	0	0	0	0
MTMEC0002732	0	0	0	0	0
MTMEC0002733	0	0	0	0	0
MTMEC0002734	0	0	0	0	0
MTMEC0002735	0	0	0	0	0
MTMEC0002736	0	0	0	0	0
MTMEC0002737	0	0	0	0	0
MTMEC0002738	0	0	0	0	0
MTMEC0002739	0	0	0	0	0
MTMEC0002742	0	0	0	0	0
MTMEC0002745	0	0	0	0	0
MTMEC0002753	0	0	0	0	0
MTMEC0002762	0	0	0	0	0
MTPNM0001055	0	0	0	0	0
MTPNM0001056	0	0	0	0	0
MTPNM0001057	0	0	0	0	0
MTPNM0001058	0	0	0	0	0
MTPNM0001059	0	0	0	0	0
MTPNM0001060	0	0	0	0	0
MTPNM0001061	10	20	10	10	1
MTPNM0001062	10	15	10	5	1
MTPNM0001063	6	6	4	2	1
MTPNM0001064	5	10	5	5	1
MTPNM0001065	5	10	5	5	1
MTPNM0001066	0	0	0	0	0
MTPNM0001067	8	15	8	7	1
MTPNM0001068	10	15	10	5	1
MTPNM0001069	10	15	10	5	1
MTPNM0001070	10	20	10	10	1
MTPNM0001071	10	20	10	10	1
MTPNM0001072	0	0	0	0	0
MTPNM0001073	5	20	10	10	1
MTPNM0001074	5	20	10	10	1
MTPNM0001075	0	0	0	0	0
MTPNM0001076	0	0	0	0	0
MTPNM0001077	5	10	5	5	1
MTPNM0001078	50	100	50	50	1
MTPNM0001079	0	0	0	0	0
MTPNM0001080	50	100	50	50	1
MTPNM0001081	50	100	50	50	1
MTPNM0001082	70	25	15	15	1
MTPNM0001083	20	30	20	10	1
MTPNM0001084	0	0	0	0	0
MTPNM0001085	0	0	0	0	0
MTPNM0001086	0	0	0	0	0
MTPNM0001087	0	0	0	0	0
MTPNM0001088	0	0	0	0	0
MTPNM0001089	0	0	0	0	0
MTPNM0001090	0	0	0	0	0
MTPNM0001091	0	0	0	0	0
MTPNM0001092	0	0	0	0	0
MTPNM0001093	0	0	0	0	0
MTPNM0001094	0	0	0	0	0
MTPNM0001095	0	0	0	0	0
MTPNM0001096	0	0	0	0	0
MTPNM0001097	0	0	0	0	0
MTPNM0001098	0	0	0	0	0
MTPNM0001099	0	0	0	0	0
MTPNM0001100	0	0	0	0	0
MTPNM0001101	0	0	0	0	0
MTPNM0001102	0	0	0	0	0
MTPNM0001103	0	0	0	0	0
MTPNM0001104	0	0	0	0	0
MTPNM0001105	0	0	0	0	0
MTPNM0001106	0	0	0	0	0
MTPNM0001107	0	0	0	0	0
MTPNM0001108	0	0	0	0	0
MTPNM0001109	0	0	0	0	0
MTPNM0001110	0	0	0	0	0
MTPNM0001111	0	0	0	0	0
MTPNM0001112	10	20	10	10	1
MTPNM0001113	10	20	10	10	1
MTPNM0001114	5	10	5	5	1
MTPNM0001115	10	20	10	10	1
MTPNM0001116	0	0	0	0	0
MTPNM0001117	0	0	0	0	0
MTPNM0001118	0	0	0	0	0
MTPNM0001119	10	20	10	10	1
MTPNM0001120	10	20	10	10	1
MTPNM0001121	5	10	5	5	1
MTPNM0001122	5	10	5	5	1
MTPNM0001123	10	20	10	10	1
MTPNM0001125	0	0	0	0	0
MTPNM0001126	0	0	0	0	0
MTPNM0001127	0	0	0	0	0
MTPNM0001128	0	0	0	0	0
MTPNM0001129	0	0	0	0	0
MTPNM0001130	0	0	0	0	0
MTPNM0001131	50	100	50	50	1
MTPNM0001132	50	100	50	50	1
MTPNM0001133	0	0	0	0	0
MTPNM0001134	0	0	0	0	0
MTPNM0001135	0	0	0	0	0
MTPNM0001136	0	0	0	0	0
MTPNM0001137	0	0	0	0	0
MTPNM0001138	0	0	0	0	0
MTPNM0001139	0	0	0	0	0
MTPNM0001140	10	20	11	10	1
MTPNM0001141	0	0	0	0	0
MTPNM0001142	0	0	0	0	0
MTPNM0001143	0	0	0	0	0
MTPNM0001144	0	0	0	0	0
MTPNM0001145	0	0	0	0	0
MTPNM0001146	0	0	0	0	0
MTPNM0001147	0	0	0	0	0
MTPNM0001148	0	0	0	0	0
MTPNM0001149	0	0	0	0	0
MTPNM0001150	0	0	0	0	0
MTPNM0001151	0	0	0	0	0
MTPNM0001152	0	0	0	0	0
MTPNM0001153	0	0	0	0	0
MTPNM0001154	0	0	0	0	0
MTPNM0001155	0	0	0	0	0
MTPNM0001156	0	0	0	0	0
MTPNM0001157	0	0	0	0	0
MTPNM0001158	0	0	0	0	0
MTPNM0001159	0	0	0	0	0
MTPNM0001160	0	0	0	0	0
MTPNM0001161	0	0	0	0	0
MTPNM0001162	0	0	0	0	0
MTPNM0001163	0	0	0	0	0
MTPNM0001164	0	0	0	0	0
MTPNM0001165	0	0	0	0	0
MTPNM0001166	0	0	0	0	0
MTPNM0001167	0	0	0	0	0
MTPNM0001168	0	0	0	0	0
MTPNM0001169	0	0	0	0	0
MTPNM0001170	0	0	0	0	0
MTPNM0001171	10	20	10	10	1
MTPNM0001172	5	10	5	5	1
MTPNM0001173	5	10	5	5	1
MTPNM0001174	5	10	5	5	1
MTPNM0001175	0	0	0	0	0
MTPNM0001176	0	0	0	0	0
MTPNM0001177	0	0	0	0	0
MTPNM0001178	0	0	0	0	0
MTPNM0001179	0	0	0	0	0
MTPNM0001180	0	0	0	0	0
MTPNM0001181	0	0	0	0	0
MTPNM0001182	0	0	0	0	0
MTPNM0001183	0	0	0	0	0
MTPNM0001184	0	0	0	0	0
MTPNM0001185	0	0	0	0	0
MTPNM0001186	0	0	0	0	0
MTPNM0001187	0	0	0	0	0
MTPNM0001188	0	0	0	0	0
MTPNM0001189	0	0	0	0	0
MTPNM0001190	0	0	0	0	0
MTPNM0001191	0	0	0	0	0
MTPNM0001192	0	0	0	0	0
MTPNM0001193	0	0	0	0	0
MTPNM0001194	0	0	0	0	0
MTPNM0001195	0	0	0	0	0
MTPNM0001196	0	0	0	0	0
MTPNM0001197	0	0	0	0	0
MTPNM0001198	0	0	0	0	0
MTPNM0001199	10	20	10	10	1
MTPNM0001200	0	0	0	0	0
MTPNM0001201	0	0	0	0	0
MTPNM0001202	0	0	0	0	0
MTPNM0001203	3	5	2	3	1
MTPNM0001204	0	0	0	0	0
MTPNM0001296	5	10	5	5	1
MTPNM0001297	0	0	0	0	0
MTPNM0001298	0	0	0	0	0
MTPNM0001299	0	0	0	0	0
MTPNM0001300	0	0	0	0	0
MTPNM0001301	0	0	0	0	0
MTPNM0001302	0	0	0	0	0
MTPNM0001303	0	0	0	0	0
MTPNM0001304	0	0	0	0	0
MTPNM0001305	0	0	0	0	0
MTPNM0001306	0	0	0	0	0
MTPNM0001307	0	0	0	0	0
MTPNM0001308	0	0	0	0	0
MTPNM0001309	5	10	5	5	1
MTPNM0001310	5	10	5	5	1
MTPNM0001311	10	20	10	10	1
MTPNM0001312	10	20	10	10	1
MTPNM0001313	10	20	10	10	1
MTPNM0001314	0	0	0	0	0
MTPNM0001315	10	20	10	10	1
MTPNM0001316	10	20	10	10	1
MTPNM0001317	10	20	10	10	1
MTPNM0001318	5	10	5	5	1
MTPNM0001319	0	0	0	0	0
MTPNM0001320	0	0	0	0	0
MTPNM0001321	0	0	0	0	0
MTPNM0001322	10	20	10	10	1
MTPNM0001324	10	20	8	12	1
MTPNM0001325	5	10	5	5	1
MTPNM0001326	10	20	10	10	1
MTPNM0001327	5	10	5	5	1
MTPNM0001328	0	0	0	0	0
MTPNM0001329	0	0	0	0	0
MTPNM0001330	0	0	0	0	0
MTPNM0001331	0	0	0	0	0
MTPNM0001332	0	0	0	0	0
MTPNM0001333	0	0	0	0	0
MTPNM0001334	0	0	0	0	0
MTPNM0001335	0	0	0	0	0
MTPNM0001336	5	10	5	5	1
MTPNM0001338	5	10	5	5	1
MTPNM0001339	5	10	5	5	1
MTPNM0001340	0	0	0	0	0
MTPNM0001341	5	10	5	5	1
MTPNM0001342	5	10	5	5	1
MTPNM0001343	5	10	5	5	1
MTPNM0001344	5	10	5	5	1
MTPNM0001345	10	20	10	10	1
MTPNM0001346	5	15	5	10	1
MTPNM0001347	5	15	5	10	1
MTPNM0001348	0	0	0	0	0
MTPNM0001350	5	15	5	10	1
MTPNM0001351	4	10	4	6	1
MTPNM0001582	5	10	5	5	1
MTPNM0001645	10	20	10	10	1
MTPNM0001660	0	0	0	0	0
MTPNM0001808	0	0	0	0	0
MTPNM0001809	10	20	10	10	1
MTPNM0001811	10	20	10	10	1
MTPNM0001812	10	20	5	15	1
MTPNM0001813	10	20	10	10	1
MTPNM0001814	0	0	0	0	0
MTPNM0001815	5	10	5	5	1
MTPNM0001816	0	0	0	0	0
MTPNM0001817	0	0	0	0	0
MTPNM0001818	0	0	0	0	0
MTPNM0001819	10	20	8	12	1
MTPNM0001820	5	15	5	10	1
MTPNM0001821	0	0	0	0	0
MTPNM0001822	0	0	0	0	0
MTPNM0001823	0	0	0	0	0
MTPNM0001824	1	2	2	1	1
MTPNM0001825	1	4	2	2	1
MTPNM0001826	3	8	4	6	1
MTPNM0001827	2	6	3	4	1
MTPNM0001828	2	6	3	4	1
MTPNM0001829	1	4	2	2	1
MTPNM0001830	1	4	2	2	1
MTPNM0001831	1	2	2	1	1
MTPNM0001832	1	2	2	1	1
MTPNM0001833	1	2	2	1	1
MTPNM0001834	1	2	2	1	1
MTPNM0001835	1	4	2	2	1
MTPNM0001836	1	2	2	1	1
MTPNM0001837	1	4	2	2	1
MTPNM0001838	1	4	2	2	1
MTPNM0001839	1	2	2	1	1
MTPNM0001840	1	2	2	1	1
MTPNM0001841	1	2	2	1	1
MTPNM0001842	1	2	2	1	1
MTPNM0001843	5	20	10	15	1
MTPNM0001916	0	0	0	0	0
MTPNM0001919	0	0	0	0	0
MTPNM0002131	0	0	0	0	0
MTPNM0002227	0	0	0	0	0
MTPNM0002556	0	0	0	0	0
MTPNM0002706	0	0	0	0	0
MTPNM0002744	0	0	0	0	0
	1	3	2	1	Discovery 125M
	1	3	2	1	Discovery 125M
	1	3	1	2	Discovery 125M
	1	3	2	1	Discovery 125M
	1	3	2	1	Discovery 125M
	1	2	2	1	Discovery 125M
	1	2	2	1	Discovery 125M
	1	2	1	1	Discovery 125M
	1	3	2	1	Discovery 125M
	1	2	1	1	Discovery 125M
	1	2	1	1	Discovery 125M
	1	3	2	1	Discovery 125M
	1	3	2	1	Discovery 125M
	1	3	2	1	Discovery 125M
	1	3	2	1	Discovery 125M
	2	5	3	2	Discovery 125M
	1	3	2	1	Passion Hero Honda
	1	3	2	1	Passion Hero Honda
	1	3	1	2	Passion Hero Honda
	1	3	2	1	Passion Hero Honda
	1	3	2	1	Passion Hero Honda
	1	2	2	1	Passion Hero Honda
	1	2	2	1	Passion Hero Honda
	1	2	1	1	Passion Hero Honda
	1	3	2	1	Passion Hero Honda
	1	2	1	1	Passion Hero Honda
	1	2	1	1	Passion Hero Honda
	1	3	2	1	Passion Hero Honda
	1	3	2	1	Passion Hero Honda
	1	3	2	1	Passion Hero Honda
	1	3	2	1	Passion Hero Honda
	2	5	3	2	Passion Hero Honda
	2	5	2	3	COMMON 
	4	16	4	4	COMMON 
	1	6	2	1	COMMON 
	1	6	2	1	COMMON 
